Atributo -> Textos

======================================
Porcentaje, 1.00
======================================
Classification Report

              precision    recall  f1-score   support

           0       1.00      1.00      1.00      1078
           1       1.00      1.00      1.00       969
           2       1.00      1.00      1.00      2660
           3       1.00      1.00      1.00       656
           4       1.00      1.00      1.00      2335
           5       1.00      1.00      1.00       302

    accuracy                           1.00      8000
   macro avg       1.00      1.00      1.00      8000
weighted avg       1.00      1.00      1.00      8000

======================================
Confusion Matrix

{'fear', 'joy', 'anger', 'surprise', 'love', 'sadness'}

[[1078    0    0    0    0    0]
 [   0  969    0    0    0    0]
 [   0    0 2660    0    0    0]
 [   0    0    0  656    0    0]
 [   0    0    0    0 2335    0]
 [   0    0    0    0    0  302]]