                      Texto 1   Texto 2   Texto 3
a                    0.000000  0.000000  0.000000
aba                  0.143628  0.000000  0.000000
abajo                0.143628  0.000000  0.000000
abigotada            0.000000  0.143628  0.000000
aboga                0.000000  0.000000  0.143628
abuelas              0.143628  0.000000  0.000000
acababa              0.143628  0.000000  0.000000
acampadores          0.000000  0.143628  0.000000
achaparrada          0.000000  0.143628  0.000000
acordaba             0.227645  0.000000  0.000000
actitud              0.000000  0.143628  0.000000
adecuada             0.000000  0.000000  0.143628
adem                 0.000000  0.000000  0.143628
adentros             0.000000  0.143628  0.000000
adheridos            0.000000  0.143628  0.000000
adicional            0.000000  0.000000  0.143628
admirar              0.000000  0.143628  0.000000
ado                  0.143628  0.000000  0.000000
adquir               0.143628  0.000000  0.000000
afeite               0.000000  0.143628  0.000000
afirma               0.000000  0.000000  0.143628
agrega               0.000000  0.000000  0.227645
agua                 0.000000  0.000000  0.143628
ah                   0.000000  0.143628  0.000000
ahora                0.227645  0.000000  0.000000
ahorcaban            0.000000  0.143628  0.000000
aire                 0.000000  0.143628  0.000000
aires                0.000000  0.143628  0.000000
al                   0.000000  0.000000  0.000000
alacena              0.000000  0.000000  0.143628
albayalde            0.000000  0.143628  0.000000
alegr                0.143628  0.000000  0.000000
alg                  0.000000  0.143628  0.000000
alguna               0.000000  0.143628  0.000000
algunas              0.053009  0.000000  0.053009
algunos              0.287256  0.000000  0.000000
aliado               0.000000  0.000000  0.143628
alimentaci           0.000000  0.000000  0.143628
alimentarse          0.000000  0.000000  0.143628
all                  0.143628  0.000000  0.000000
alto                 0.143628  0.000000  0.000000
altos                0.143628  0.000000  0.000000
an                   0.137026  0.084017  0.000000
ana                  0.143628  0.000000  0.000000
anaya                0.000000  0.227645  0.000000
anterior             0.227645  0.000000  0.000000
antes                0.143628  0.000000  0.000000
antiguo              0.227645  0.000000  0.000000
antiguos             0.143628  0.000000  0.000000
aparece              0.000000  0.000000  0.143628
aparecen             0.000000  0.000000  0.143628
apenada              0.143628  0.000000  0.000000
api                  0.143628  0.000000  0.000000
apoyar               0.000000  0.000000  0.143628
aprend               0.000000  0.143628  0.000000
aprendido            0.000000  0.143628  0.000000
aqu                  0.143628  0.000000  0.000000
aquel                0.227645  0.000000  0.000000
aquellas             0.143628  0.000000  0.000000
arboles              0.000000  0.143628  0.000000
argumenta            0.000000  0.000000  0.143628
argumentaci          0.000000  0.000000  0.143628
argumentar           0.000000  0.000000  0.143628
argumentativo        0.000000  0.000000  0.227645
argumentativos       0.000000  0.000000  0.143628
argumentos           0.000000  0.000000  0.227645
arruga               0.143628  0.000000  0.000000
art                  0.000000  0.000000  0.227645
as                   0.106018  0.084017  0.000000
aseada               0.000000  0.227645  0.000000
asociar              0.000000  0.143628  0.000000
aula                 0.227645  0.000000  0.000000
aun                  0.143628  0.000000  0.000000
auxiliado            0.143628  0.000000  0.000000
az                   0.000000  0.000000  0.371273
azucaradas           0.000000  0.000000  0.143628
azules               0.000000  0.143628  0.000000
baja                 0.000000  0.053009  0.053009
bajo                 0.053009  0.000000  0.053009
banano               0.000000  0.000000  0.143628
bancos               0.143628  0.000000  0.000000
barba                0.143628  0.000000  0.000000
baretti              0.143628  0.000000  0.000000
bebidas              0.000000  0.000000  0.143628
bedel                0.143628  0.000000  0.000000
bella                0.000000  0.143628  0.000000
belleza              0.000000  0.143628  0.000000
bend                 0.000000  0.143628  0.000000
besarle              0.143628  0.000000  0.000000
bien                 0.000000  0.000000  0.227645
big                  0.000000  0.143628  0.000000
blancas              0.000000  0.000000  0.143628
blanqueaba           0.000000  0.143628  0.000000
bosques              0.143628  0.000000  0.000000
bracamonte           0.000000  0.227645  0.000000
breve                0.000000  0.000000  0.143628
brownsville          0.000000  0.143628  0.000000
buen                 0.000000  0.000000  0.143628
buena                0.000000  0.000000  0.143628
bueno                0.227645  0.000000  0.000000
buenos               0.000000  0.143628  0.000000
bulo                 0.143628  0.000000  0.000000
buscan               0.000000  0.000000  0.143628
c                    0.000000  0.000000  0.143628
ca                   0.000000  0.143628  0.000000
caballeros           0.143628  0.000000  0.000000
cabello              0.287256  0.000000  0.000000
cachorro             0.000000  0.143628  0.000000
cactus               0.000000  0.143628  0.000000
cada                 0.227645  0.000000  0.000000
caderas              0.000000  0.143628  0.000000
caliente             0.000000  0.143628  0.000000
caliza               0.000000  0.143628  0.000000
calles               0.143628  0.000000  0.000000
cambio               0.000000  0.000000  0.143628
caminaba             0.000000  0.143628  0.000000
campo                0.227645  0.000000  0.000000
canas                0.227645  0.000000  0.000000
capturado            0.000000  0.143628  0.000000
car                  0.000000  0.000000  0.333493
cara                 0.143628  0.000000  0.000000
carbohidratos        0.000000  0.000000  0.227645
carbonatadas         0.000000  0.000000  0.143628
cares                0.000000  0.000000  0.143628
cargados             0.143628  0.000000  0.000000
carteras             0.143628  0.000000  0.000000
cartillas            0.143628  0.000000  0.000000
casa                 0.143628  0.000000  0.000000
casi                 0.227645  0.000000  0.000000
caso                 0.000000  0.227645  0.000000
casos                0.000000  0.000000  0.143628
causa                0.000000  0.000000  0.143628
celestes             0.000000  0.143628  0.000000
cerca                0.053009  0.053009  0.000000
cereales             0.000000  0.000000  0.227645
chatarra             0.000000  0.000000  0.143628
chicos               0.143628  0.000000  0.000000
chiquit              0.143628  0.000000  0.000000
cidas                0.000000  0.000000  0.143628
cient                0.000000  0.000000  0.143628
cierto               0.143628  0.000000  0.000000
ciertos              0.000000  0.143628  0.000000
cil                  0.000000  0.143628  0.000000
cincuenta            0.143628  0.000000  0.000000
clase                0.227645  0.000000  0.000000
clases               0.143628  0.000000  0.000000
clave                0.000000  0.000000  0.143628
cobra                0.000000  0.143628  0.000000
coherentes           0.000000  0.000000  0.143628
colores              0.000000  0.143628  0.000000
combina              0.000000  0.000000  0.143628
comentario           0.000000  0.143628  0.000000
comer                0.000000  0.000000  0.143628
comida               0.000000  0.000000  0.287256
como                 0.000000  0.000000  0.000000
compa                0.143628  0.000000  0.000000
complicado           0.000000  0.000000  0.143628
con                  0.000000  0.000000  0.000000
concepto             0.000000  0.143628  0.000000
condisc              0.143628  0.000000  0.000000
conque               0.143628  0.000000  0.000000
consumir             0.000000  0.000000  0.143628
consumo              0.000000  0.000000  0.143628
contento             0.143628  0.000000  0.000000
continuaci           0.000000  0.000000  0.143628
contoneando          0.000000  0.143628  0.000000
contribuir           0.000000  0.000000  0.143628
controlada           0.000000  0.000000  0.143628
corr                 0.143628  0.000000  0.000000
corri                0.000000  0.143628  0.000000
cortarle             0.143628  0.000000  0.000000
creen                0.000000  0.143628  0.000000
criadas              0.143628  0.000000  0.000000
cu                   0.287256  0.000000  0.000000
cuadernos            0.143628  0.000000  0.000000
cual                 0.333493  0.000000  0.000000
cuando               0.000000  0.000000  0.000000
cuanto               0.000000  0.143628  0.000000
cuatro               0.143628  0.000000  0.000000
cuerpo               0.000000  0.000000  0.143628
culo                 0.000000  0.000000  0.143628
culos                0.000000  0.000000  0.143628
d                    0.084017  0.053009  0.000000
da                   0.053009  0.000000  0.053009
dado                 0.000000  0.143628  0.000000
davis                0.000000  0.143628  0.000000
de                   0.000000  0.000000  0.000000
deben                0.000000  0.000000  0.227645
dec                  0.143628  0.000000  0.000000
decir                0.053009  0.000000  0.053009
defend               0.143628  0.000000  0.000000
dej                  0.143628  0.000000  0.000000
deja                 0.000000  0.000000  0.143628
dejar                0.000000  0.000000  0.143628
del                  0.000000  0.000000  0.000000
delante              0.143628  0.000000  0.000000
delcatti             0.143628  0.000000  0.000000
dentro               0.143628  0.000000  0.000000
depende              0.000000  0.000000  0.143628
dependen             0.000000  0.000000  0.143628
derosi               0.143628  0.000000  0.000000
des                  0.000000  0.143628  0.000000
describir            0.000000  0.143628  0.000000
descripci            0.000000  0.143628  0.000000
descripta            0.000000  0.143628  0.000000
descriptivo          0.000000  0.287256  0.000000
desde                0.000000  0.000000  0.143628
desembocan           0.143628  0.000000  0.000000
desesperaba          0.143628  0.000000  0.000000
desierto             0.000000  0.143628  0.000000
desligar             0.000000  0.000000  0.143628
desmayarlos          0.000000  0.143628  0.000000
desprenderse         0.000000  0.000000  0.143628
despu                0.143628  0.000000  0.000000
determinar           0.000000  0.000000  0.143628
diab                 0.000000  0.000000  0.287256
diabetes             0.000000  0.000000  0.333493
diario               0.143628  0.000000  0.000000
dicho                0.000000  0.000000  0.143628
diciembre            0.000000  0.143628  0.000000
diciendo             0.143628  0.000000  0.000000
diecis               0.143628  0.000000  0.000000
dieta                0.000000  0.000000  0.371273
dietista             0.000000  0.000000  0.143628
diez                 0.143628  0.000000  0.000000
dif                  0.000000  0.143628  0.000000
dijo                 0.084017  0.053009  0.000000
dilatarlos           0.000000  0.143628  0.000000
director             0.143628  0.000000  0.000000
disciplina           0.000000  0.000000  0.143628
disciplinas          0.000000  0.000000  0.143628
discursos            0.000000  0.000000  0.143628
disimulo             0.000000  0.143628  0.000000
disminuye            0.000000  0.000000  0.143628
divide               0.000000  0.143628  0.000000
do                   0.000000  0.227645  0.000000
dom                  0.000000  0.227645  0.000000
don                  0.000000  0.143628  0.000000
donde                0.227645  0.000000  0.000000
dos                  0.053009  0.084017  0.000000
dulce                0.000000  0.000000  0.143628
dulces               0.000000  0.000000  0.143628
duramente            0.000000  0.143628  0.000000
durante              0.143628  0.000000  0.000000
e                    0.227645  0.000000  0.000000
ejemplo              0.000000  0.287256  0.000000
ejemplos             0.000000  0.000000  0.143628
el                   0.000000  0.000000  0.000000
elemental            0.143628  0.000000  0.000000
eleva                0.000000  0.000000  0.143628
ella                 0.143628  0.000000  0.000000
ellos                0.000000  0.000000  0.000000
embargo              0.143628  0.000000  0.000000
emisor               0.000000  0.143628  0.000000
empellones           0.143628  0.000000  0.000000
en                   0.000000  0.000000  0.000000
encabrit             0.143628  0.000000  0.000000
encontr              0.143628  0.000000  0.000000
encrespado           0.143628  0.000000  0.000000
encuentran           0.000000  0.084017  0.053009
encuentro            0.143628  0.000000  0.000000
energ                0.000000  0.000000  0.143628
enfermedad           0.000000  0.000000  0.143628
enmara               0.143628  0.000000  0.000000
enormemente          0.000000  0.000000  0.143628
enrique              0.287256  0.000000  0.000000
entonces             0.000000  0.000000  0.143628
entramos             0.143628  0.000000  0.000000
entrar               0.227645  0.000000  0.000000
entre                0.084017  0.106018  0.000000
entusiastas          0.000000  0.143628  0.000000
era                  0.084017  0.084017  0.000000
eran                 0.143628  0.000000  0.000000
ero                  0.143628  0.000000  0.000000
es                   0.000000  0.000000  0.000000
escaleras            0.143628  0.000000  0.000000
escapaban            0.143628  0.000000  0.000000
escribe              0.000000  0.000000  0.143628
escuchas             0.000000  0.000000  0.143628
escuela              0.287256  0.000000  0.000000
ese                  0.000000  0.143628  0.000000
eso                  0.000000  0.000000  0.143628
especialmente        0.000000  0.000000  0.143628
espesura             0.000000  0.143628  0.000000
espinosos            0.000000  0.143628  0.000000
est                  0.000000  0.084017  0.137026
esta                 0.000000  0.000000  0.000000
estaba               0.287256  0.000000  0.000000
estaban              0.143628  0.000000  0.000000
estaciones           0.000000  0.143628  0.000000
estampa              0.000000  0.143628  0.000000
este                 0.000000  0.000000  0.000000
esto                 0.000000  0.053009  0.084017
estructurados        0.000000  0.000000  0.143628
estudiaremos         0.143628  0.000000  0.000000
eterna               0.000000  0.143628  0.000000
evitar               0.000000  0.000000  0.287256
ex                   0.143628  0.000000  0.000000
excursionistas       0.000000  0.143628  0.000000
exist                0.000000  0.143628  0.000000
experta              0.000000  0.000000  0.143628
explica              0.000000  0.000000  0.143628
explicativa          0.000000  0.000000  0.143628
expone               0.000000  0.000000  0.143628
exponen              0.000000  0.000000  0.143628
exponerla            0.000000  0.000000  0.143628
exposici             0.000000  0.000000  0.143628
falanges             0.000000  0.143628  0.000000
fatigas              0.143628  0.000000  0.000000
favor                0.000000  0.000000  0.143628
favorito             0.000000  0.143628  0.000000
ficos                0.000000  0.000000  0.143628
fijamente            0.143628  0.000000  0.000000
fin                  0.053009  0.053009  0.000000
finalidad            0.000000  0.000000  0.143628
fing                 0.000000  0.143628  0.000000
florecen             0.000000  0.143628  0.000000
forma                0.000000  0.143628  0.000000
frente               0.143628  0.000000  0.000000
frescas              0.000000  0.143628  0.000000
frontera             0.000000  0.143628  0.000000
frutas               0.000000  0.000000  0.227645
fue                  0.000000  0.143628  0.000000
fuera                0.000000  0.000000  0.143628
fueron               0.143628  0.000000  0.000000
fuerza               0.143628  0.000000  0.000000
fuerzas              0.000000  0.143628  0.000000
funci                0.000000  0.143628  0.000000
galaz                0.000000  0.143628  0.000000
gana                 0.143628  0.000000  0.000000
gaseosas             0.000000  0.000000  0.143628
gastaba              0.000000  0.143628  0.000000
gent                 0.143628  0.000000  0.000000
gente                0.143628  0.000000  0.000000
glic                 0.000000  0.000000  0.143628
glucosa              0.000000  0.000000  0.227645
golpecito            0.143628  0.000000  0.000000
gordos               0.143628  0.000000  0.000000
gran                 0.143628  0.000000  0.000000
gris                 0.143628  0.000000  0.000000
guardias             0.143628  0.000000  0.000000
gustado              0.143628  0.000000  0.000000
ha                   0.143628  0.000000  0.000000
hab                  0.084017  0.084017  0.000000
habla                0.000000  0.143628  0.000000
hablaban             0.143628  0.000000  0.000000
harinas              0.000000  0.000000  0.143628
has                  0.000000  0.143628  0.000000
hasta                0.000000  0.000000  0.143628
hay                  0.000000  0.000000  0.143628
he                   0.143628  0.000000  0.000000
hermanito            0.143628  0.000000  0.000000
hermanos             0.000000  0.143628  0.000000
hicieron             0.143628  0.000000  0.000000
hijos                0.143628  0.000000  0.000000
hombres              0.000000  0.143628  0.000000
hombro               0.143628  0.000000  0.000000
hormigueaban         0.143628  0.000000  0.000000
hormona              0.000000  0.000000  0.143628
humano               0.000000  0.143628  0.000000
humanos              0.000000  0.143628  0.000000
humedad              0.000000  0.143628  0.000000
iba                  0.143628  0.000000  0.000000
iban                 0.143628  0.000000  0.000000
idea                 0.000000  0.000000  0.227645
ideal                0.000000  0.000000  0.143628
ignoramos            0.000000  0.143628  0.000000
ignoran              0.000000  0.227645  0.000000
imagen               0.000000  0.143628  0.000000
importancia          0.000000  0.000000  0.143628
imposible            0.000000  0.000000  0.143628
imposibles           0.000000  0.143628  0.000000
incluir              0.000000  0.000000  0.227645
ines                 0.143628  0.000000  0.000000
inmortales           0.000000  0.333493  0.000000
inscribirme          0.143628  0.000000  0.000000
instintos            0.000000  0.143628  0.000000
insulina             0.000000  0.000000  0.227645
insulinodependiente  0.000000  0.000000  0.143628
integrales           0.000000  0.000000  0.227645
introduc             0.143628  0.000000  0.000000
introducci           0.000000  0.000000  0.143628
is                   0.053009  0.053009  0.000000
jovial               0.143628  0.000000  0.000000
juntos               0.143628  0.000000  0.000000
l                    0.143628  0.000000  0.000000
la                   0.000000  0.000000  0.000000
lado                 0.000000  0.000000  0.227645
largo                0.000000  0.143628  0.000000
las                  0.000000  0.000000  0.000000
le                   0.053009  0.084017  0.000000
lecciones            0.143628  0.000000  0.000000
lector               0.000000  0.000000  0.143628
leer                 0.143628  0.000000  0.000000
lenguaje             0.000000  0.143628  0.000000
levantarlos          0.000000  0.143628  0.000000
liberado             0.000000  0.143628  0.000000
liberaron            0.000000  0.143628  0.000000
librer               0.143628  0.000000  0.000000
libros               0.143628  0.000000  0.000000
literaria            0.000000  0.143628  0.000000
literario            0.000000  0.227645  0.000000
llamar               0.000000  0.143628  0.000000
llegar               0.143628  0.000000  0.000000
llena                0.000000  0.143628  0.000000
llenaban             0.143628  0.000000  0.000000
llenas               0.143628  0.000000  0.000000
lleno                0.000000  0.143628  0.000000
llev                 0.143628  0.000000  0.000000
llorar               0.143628  0.000000  0.000000
lo                   0.000000  0.000000  0.000000
logra                0.000000  0.000000  0.143628
los                  0.000000  0.000000  0.000000
luego                0.000000  0.143628  0.000000
lugar                0.000000  0.143628  0.000000
m                    0.000000  0.000000  0.000000
ma                   0.143628  0.000000  0.000000
madre                0.227645  0.000000  0.000000
madres               0.227645  0.000000  0.000000
maestra              0.143628  0.000000  0.000000
maestras             0.143628  0.000000  0.000000
maestro              0.371273  0.000000  0.000000
mala                 0.053009  0.000000  0.053009
maldonado            0.000000  0.227645  0.000000
maliciosos           0.000000  0.143628  0.000000
mam                  0.143628  0.000000  0.000000
manera               0.000000  0.000000  0.287256
mano                 0.227645  0.000000  0.000000
manuel               0.000000  0.143628  0.000000
marchaban            0.143628  0.000000  0.000000
marzo                0.000000  0.143628  0.000000
materializa          0.000000  0.143628  0.000000
me                   0.531486  0.000000  0.000000
medicamentos         0.000000  0.143628  0.000000
medito               0.000000  0.143628  0.000000
mejor                0.000000  0.053009  0.084017
melancol             0.000000  0.143628  0.000000
mencionados          0.143628  0.000000  0.000000
menes                0.143628  0.000000  0.000000
menguado             0.000000  0.143628  0.000000
mensuales            0.143628  0.000000  0.000000
mente                0.000000  0.143628  0.000000
mercado              0.000000  0.000000  0.143628
meses                0.227645  0.000000  0.000000
mezquite             0.000000  0.143628  0.000000
mi                   0.403214  0.000000  0.000000
mico                 0.000000  0.000000  0.143628
mir                  0.143628  0.000000  0.000000
mira                 0.143628  0.000000  0.000000
misma                0.143628  0.000000  0.000000
mismo                0.143628  0.000000  0.000000
mo                   0.000000  0.000000  0.143628
mont                 0.000000  0.143628  0.000000
monta                0.143628  0.000000  0.000000
morir                0.000000  0.143628  0.000000
mucha                0.000000  0.000000  0.143628
muchachos            0.143628  0.000000  0.000000
muchos               0.000000  0.000000  0.143628
muerte               0.000000  0.143628  0.000000
muestran             0.000000  0.000000  0.143628
mujeres              0.143628  0.000000  0.000000
mujica               0.000000  0.143628  0.000000
municipales          0.143628  0.000000  0.000000
muy                  0.000000  0.053009  0.053009
n                    0.000000  0.000000  0.000000
nacional             0.000000  0.143628  0.000000
narrativo            0.000000  0.143628  0.000000
nas                  0.000000  0.000000  0.227645
natural              0.000000  0.000000  0.143628
ncreas               0.000000  0.000000  0.143628
ndice                0.000000  0.000000  0.143628
ndolo                0.000000  0.143628  0.000000
ndose                0.227645  0.000000  0.000000
necesidad            0.143628  0.000000  0.000000
necesita             0.000000  0.000000  0.143628
nez                  0.000000  0.143628  0.000000
ni                   0.084017  0.053009  0.000000
nimo                 0.143628  0.000000  0.000000
nivel                0.000000  0.000000  0.143628
no                   0.000000  0.000000  0.000000
noches               0.000000  0.143628  0.000000
nopales              0.000000  0.143628  0.000000
nos                  0.287256  0.000000  0.000000
nosotros             0.227645  0.000000  0.000000
nostalgia            0.143628  0.000000  0.000000
ntas                 0.143628  0.000000  0.000000
ntos                 0.227645  0.000000  0.000000
nuestro              0.143628  0.000000  0.000000
nueve                0.143628  0.000000  0.000000
nuevo                0.000000  0.143628  0.000000
nunca                0.143628  0.000000  0.000000
nutricionista        0.000000  0.000000  0.143628
o                    0.000000  0.000000  0.000000
objetos              0.143628  0.000000  0.000000
obreros              0.143628  0.000000  0.000000
oeste                0.000000  0.143628  0.000000
oficiales            0.143628  0.000000  0.000000
ojitos               0.000000  0.143628  0.000000
ones                 0.000000  0.143628  0.000000
oras                 0.143628  0.000000  0.000000
orden                0.143628  0.000000  0.000000
organismo            0.000000  0.000000  0.143628
os                   0.106018  0.084017  0.000000
oscuros              0.000000  0.143628  0.000000
otra                 0.000000  0.143628  0.000000
otras                0.000000  0.000000  0.143628
otro                 0.053009  0.000000  0.084017
otros                0.143628  0.000000  0.000000
p                    0.053009  0.000000  0.123083
paciente             0.000000  0.000000  0.143628
pacientes            0.000000  0.000000  0.287256
padecen              0.000000  0.000000  0.143628
padres               0.227645  0.000000  0.000000
palabras             0.053009  0.000000  0.053009
palm                 0.000000  0.143628  0.000000
para                 0.000000  0.000000  0.000000
parches              0.000000  0.143628  0.000000
parec                0.143628  0.000000  0.000000
parece               0.143628  0.000000  0.000000
pareci               0.227645  0.000000  0.000000
parque               0.000000  0.143628  0.000000
parte                0.000000  0.000000  0.227645
particular           0.000000  0.143628  0.000000
pasado               0.143628  0.000000  0.000000
pasados              0.143628  0.000000  0.000000
pasar                0.143628  0.000000  0.000000
pedos                0.000000  0.143628  0.000000
pens                 0.000000  0.143628  0.000000
pensamiento          0.000000  0.143628  0.000000
peque                0.053009  0.053009  0.000000
perboni              0.143628  0.000000  0.000000
period               0.000000  0.000000  0.143628
permite              0.000000  0.000000  0.143628
pero                 0.000000  0.000000  0.000000
persigue             0.000000  0.143628  0.000000
persona              0.000000  0.143628  0.000000
personaje            0.000000  0.143628  0.000000
personal             0.000000  0.143628  0.000000
persuadir            0.000000  0.000000  0.227645
pi                   0.000000  0.000000  0.143628
pices                0.143628  0.000000  0.000000
pidiendo             0.143628  0.000000  0.000000
piedra               0.000000  0.143628  0.000000
piso                 0.287256  0.000000  0.000000
planicies            0.000000  0.143628  0.000000
planta               0.000000  0.000000  0.143628
plantas              0.000000  0.143628  0.000000
plato                0.000000  0.000000  0.143628
plumas               0.143628  0.000000  0.000000
po                   0.000000  0.143628  0.000000
poca                 0.000000  0.143628  0.000000
pod                  0.000000  0.143628  0.000000
pol                  0.000000  0.000000  0.143628
ponen                0.000000  0.000000  0.143628
poner                0.143628  0.000000  0.000000
por                  0.000000  0.000000  0.000000
porque               0.000000  0.053009  0.123083
posici               0.000000  0.000000  0.143628
potrillos            0.143628  0.000000  0.000000
pr                   0.143628  0.000000  0.000000
preciso              0.143628  0.000000  0.000000
predominantemente    0.000000  0.143628  0.000000
preguntaron          0.000000  0.143628  0.000000
premio               0.143628  0.000000  0.000000
presentan            0.000000  0.000000  0.143628
pretende             0.000000  0.143628  0.000000
preventiva           0.000000  0.000000  0.143628
primer               0.287256  0.000000  0.000000
primera              0.143628  0.000000  0.000000
primero              0.053009  0.000000  0.053009
principal            0.053009  0.000000  0.053009
prisa                0.000000  0.143628  0.000000
problem              0.000000  0.000000  0.143628
procesada            0.000000  0.000000  0.143628
procesar             0.000000  0.000000  0.143628
procurar             0.000000  0.000000  0.143628
producci             0.000000  0.000000  0.143628
produciendo          0.143628  0.000000  0.000000
producir             0.000000  0.000000  0.143628
profesor             0.143628  0.000000  0.000000
profesora            0.227645  0.000000  0.000000
propia               0.000000  0.143628  0.000000
prote                0.000000  0.000000  0.227645
provoca              0.000000  0.143628  0.000000
pueblo               0.143628  0.000000  0.000000
pueblos              0.000000  0.143628  0.000000
puede                0.000000  0.000000  0.227645
puerta               0.227645  0.000000  0.000000
puertas              0.143628  0.000000  0.000000
puesto               0.143628  0.000000  0.000000
pulos                0.143628  0.000000  0.000000
punto                0.000000  0.000000  0.143628
puntos               0.000000  0.000000  0.143628
qu                   0.143628  0.000000  0.000000
que                  0.000000  0.000000  0.000000
qued                 0.143628  0.000000  0.000000
quer                 0.000000  0.143628  0.000000
quien                0.000000  0.000000  0.143628
quienes              0.000000  0.000000  0.227645
quiere               0.000000  0.000000  0.143628
quince               0.143628  0.000000  0.000000
quisiera             0.143628  0.000000  0.000000
quiz                 0.000000  0.000000  0.143628
r                    0.143628  0.000000  0.000000
ranchos              0.000000  0.143628  0.000000
ratoniles            0.000000  0.143628  0.000000
raz                  0.000000  0.143628  0.000000
re                   0.143628  0.000000  0.000000
rea                  0.000000  0.143628  0.000000
real                 0.000000  0.143628  0.000000
realidad             0.000000  0.143628  0.000000
realmente            0.000000  0.143628  0.000000
recato               0.000000  0.143628  0.000000
receptor             0.000000  0.143628  0.000000
rechoncha            0.000000  0.143628  0.000000
recomendado          0.000000  0.000000  0.143628
recomienda           0.000000  0.000000  0.143628
record               0.000000  0.143628  0.000000
recordando           0.143628  0.000000  0.000000
recta                0.143628  0.000000  0.000000
refinados            0.000000  0.000000  0.143628
refrescos            0.000000  0.000000  0.143628
refutan              0.000000  0.000000  0.143628
refutarla            0.000000  0.000000  0.143628
regi                 0.000000  0.227645  0.000000
requiere             0.000000  0.000000  0.143628
resisti              0.143628  0.000000  0.000000
resulta              0.000000  0.000000  0.143628
retrato              0.000000  0.227645  0.000000
rez                  0.000000  0.000000  0.287256
ribera               0.000000  0.227645  0.000000
riesgo               0.000000  0.000000  0.143628
rizoso               0.143628  0.000000  0.000000
rocas                0.000000  0.143628  0.000000
rodeado              0.143628  0.000000  0.000000
romp                 0.143628  0.000000  0.000000
ronca                0.143628  0.000000  0.000000
rtica                0.000000  0.143628  0.000000
rubio                0.227645  0.000000  0.000000
rumor                0.143628  0.000000  0.000000
rvulos               0.143628  0.000000  0.000000
s                    0.000000  0.000000  0.000000
sab                  0.143628  0.000000  0.000000
sabia                0.000000  0.143628  0.000000
sabio                0.000000  0.143628  0.000000
sabor                0.000000  0.000000  0.143628
sacaba               0.143628  0.000000  0.000000
salida               0.143628  0.000000  0.000000
salir                0.227645  0.000000  0.000000
salud                0.143628  0.000000  0.000000
saludable            0.000000  0.000000  0.227645
sana                 0.000000  0.000000  0.143628
sandra               0.000000  0.000000  0.143628
sangre               0.000000  0.000000  0.143628
sanos                0.000000  0.143628  0.000000
se                   0.000000  0.000000  0.000000
secci                0.227645  0.000000  0.000000
segunda              0.227645  0.000000  0.000000
selva                0.000000  0.143628  0.000000
sent                 0.287256  0.000000  0.000000
sentados             0.143628  0.000000  0.000000
separamos            0.143628  0.000000  0.000000
ser                  0.000000  0.000000  0.143628
serie                0.000000  0.000000  0.227645
si                   0.053009  0.000000  0.106018
sido                 0.053009  0.053009  0.000000
siempre              0.106018  0.000000  0.053009
sienes               0.000000  0.143628  0.000000
siete                0.227645  0.000000  0.000000
siguiendo            0.000000  0.000000  0.143628
siguiente            0.000000  0.000000  0.143628
simp                 0.143628  0.000000  0.000000
simular              0.000000  0.143628  0.000000
sin                  0.084017  0.053009  0.000000
siquiera             0.143628  0.000000  0.000000
sitio                0.143628  0.000000  0.000000
sobra                0.143628  0.000000  0.000000
solim                0.000000  0.143628  0.000000
solo                 0.000000  0.227645  0.000000
somos                0.000000  0.227645  0.000000
son                  0.000000  0.333493  0.000000
sonre                0.143628  0.000000  0.000000
sorprender           0.000000  0.143628  0.000000
sortijas             0.000000  0.143628  0.000000
spera                0.000000  0.143628  0.000000
stevia               0.000000  0.000000  0.143628
stica                0.000000  0.143628  0.000000
stico                0.000000  0.000000  0.143628
sticos               0.000000  0.143628  0.000000
su                   0.000000  0.000000  0.000000
subjetiva            0.000000  0.143628  0.000000
sucede               0.000000  0.000000  0.143628
sue                  0.143628  0.000000  0.000000
superior             0.143628  0.000000  0.000000
sus                  0.084017  0.137026  0.000000
suyo                 0.000000  0.143628  0.000000
t                    0.143628  0.000000  0.000000
tal                  0.000000  0.143628  0.000000
talle                0.000000  0.143628  0.000000
tambi                0.053009  0.000000  0.053009
tan                  0.287256  0.000000  0.000000
tanta                0.143628  0.000000  0.000000
tanto                0.084017  0.000000  0.053009
te                   0.143628  0.000000  0.000000
teatro               0.143628  0.000000  0.000000
tema                 0.000000  0.000000  0.143628
ten                  0.053009  0.053009  0.000000
tener                0.000000  0.000000  0.143628
tengan               0.000000  0.000000  0.143628
tengo                0.143628  0.000000  0.000000
teni                 0.000000  0.143628  0.000000
tercena              0.143628  0.000000  0.000000
terreno              0.000000  0.143628  0.000000
tesis                0.000000  0.000000  0.143628
texas                0.000000  0.143628  0.000000
texto                0.000000  0.137026  0.137026
textos               0.000000  0.000000  0.143628
tibia                0.000000  0.143628  0.000000
tibios               0.000000  0.143628  0.000000
tica                 0.000000  0.227645  0.000000
tico                 0.053009  0.000000  0.053009
ticos                0.000000  0.000000  0.333493
tiempos              0.000000  0.000000  0.143628
tiene                0.000000  0.000000  0.000000
tigre                0.000000  0.287256  0.000000
tigres               0.000000  0.143628  0.000000
tipo                 0.000000  0.000000  0.143628
toc                  0.143628  0.000000  0.000000
toca                 0.143628  0.000000  0.000000
todas                0.053009  0.000000  0.053009
todo                 0.000000  0.000000  0.000000
todos                0.084017  0.000000  0.053009
tome                 0.000000  0.000000  0.143628
torcidos             0.000000  0.143628  0.000000
trabajos             0.143628  0.000000  0.000000
transmitir           0.000000  0.143628  0.000000
transmitirles        0.000000  0.143628  0.000000
trascendente         0.000000  0.143628  0.000000
trata                0.000000  0.143628  0.000000
tratamiento          0.000000  0.000000  0.227645
trav                 0.000000  0.000000  0.143628
tres                 0.227645  0.000000  0.000000
triste               0.143628  0.000000  0.000000
tuvo                 0.143628  0.000000  0.000000
un                   0.000000  0.000000  0.000000
una                  0.000000  0.000000  0.000000
uno                  0.053009  0.000000  0.053009
uso                  0.000000  0.000000  0.143628
uvas                 0.000000  0.000000  0.143628
vacaciones           0.143628  0.000000  0.000000
vamos                0.000000  0.143628  0.000000
variedad             0.000000  0.000000  0.143628
varios               0.000000  0.143628  0.000000
vas                  0.143628  0.000000  0.000000
vegetales            0.000000  0.000000  0.227645
ven                  0.143628  0.000000  0.000000
ventajas             0.000000  0.000000  0.143628
ver                  0.287256  0.000000  0.000000
verano               0.143628  0.000000  0.000000
verdadera            0.053009  0.053009  0.000000
verla                0.000000  0.143628  0.000000
verlo                0.143628  0.000000  0.000000
vest                 0.143628  0.000000  0.000000
vez                  0.084017  0.084017  0.000000
vi                   0.143628  0.000000  0.000000
vida                 0.000000  0.287256  0.000000
visi                 0.000000  0.143628  0.000000
visitarla            0.000000  0.143628  0.000000
visite               0.000000  0.143628  0.000000
vista                0.000000  0.000000  0.143628
vivos                0.000000  0.143628  0.000000
volv                 0.287256  0.000000  0.000000
volver               0.143628  0.000000  0.000000
volvieran            0.143628  0.000000  0.000000
voz                  0.143628  0.000000  0.000000
xico                 0.000000  0.227645  0.000000
ximas                0.143628  0.000000  0.000000
y                    0.000000  0.000000  0.000000
ya                   0.084017  0.106018  0.000000
yo                   0.333493  0.000000  0.000000
zagu                 0.143628  0.000000  0.000000