Vector promedio de Texto 2 
 [ 1.68749830e-04  1.86163597e-04  8.77110288e-05 -4.82418720e-04
  4.59156203e-04 -9.90977162e-04  6.04798959e-04  1.18416548e-03
 -5.51051402e-04 -4.83226991e-04 -4.39957075e-04 -1.04397628e-03
  4.09064269e-05  4.59809089e-04  2.74412101e-04 -1.03674902e-04
 -2.90784345e-04 -7.04555889e-04 -1.79931711e-04 -1.13993452e-03
  3.35130608e-04  2.08311438e-04 -2.80715321e-04 -2.91534059e-04
 -1.84474557e-04 -1.03202401e-04 -4.76905916e-05 -5.08451078e-04
 -3.11005308e-04 -2.47250515e-04  6.56150689e-04  1.54106616e-04
  4.23887599e-04 -5.89373580e-04 -4.10909357e-04  1.10373530e-03
  3.75734729e-04 -3.22010223e-04 -2.92849272e-05 -9.55895579e-04
  2.59510067e-04 -2.46371550e-04 -4.45257843e-04 -3.37298188e-05
  6.58013567e-04 -2.36294836e-05 -3.99525423e-04  1.75486450e-04
  3.26016598e-04  1.50810694e-04  1.23694044e-04 -4.87860263e-04
  2.87852017e-04  3.63688232e-05 -1.18815209e-04  6.48161222e-04
 -3.65893829e-05  2.60840403e-04 -4.89335915e-04  5.91040996e-04
  2.37703076e-04  1.35062844e-04  2.74114806e-04  1.12163405e-04
 -6.15765399e-04  6.78342360e-04  3.95886018e-04  4.37976094e-04
 -5.93159872e-04  9.36530298e-04 -5.16605214e-04  4.36900882e-04
  3.81549675e-04 -1.12432790e-04  7.22170866e-04  9.75137809e-05
  9.47548615e-05  7.79275724e-05 -4.79567389e-04  2.29463854e-04
 -1.32101937e-04  5.92589437e-04 -7.72066880e-04  7.13395770e-04
 -6.82267942e-04  1.81178431e-04  7.62891315e-04  7.76720350e-04
  8.62571935e-04  1.22524689e-05  8.56072584e-04  6.25913788e-04
  1.75911307e-04  1.42626785e-04  6.09695795e-04  2.50299985e-04
  4.31513385e-04 -4.44183133e-05  3.03623441e-04 -5.78651343e-05]