Vector promedio de Texto 2 
 [ 1.69075705e-04  2.07755031e-04  6.23849628e-05 -4.79585375e-04
  4.26619954e-04 -8.93293472e-04  6.51200768e-04  1.12579751e-03
 -5.54423139e-04 -4.35771974e-04 -3.95328854e-04 -1.02319394e-03
  6.23994056e-05  3.80672078e-04  2.20607966e-04 -1.25684775e-04
 -2.95529055e-04 -7.17486721e-04 -1.87054000e-04 -1.11650547e-03
  3.20695573e-04  2.26168690e-04 -2.65435752e-04 -2.51068617e-04
 -1.46473772e-04 -1.22223224e-04 -2.17260840e-05 -4.95834101e-04
 -3.17563419e-04 -2.63855880e-04  5.70149219e-04  1.35604452e-04
  4.17617965e-04 -5.78758714e-04 -3.84720566e-04  1.09559752e-03
  3.40680970e-04 -3.01884051e-04 -2.61852074e-05 -9.29780770e-04
  2.20037473e-04 -2.43301678e-04 -4.41917888e-04 -4.47325074e-05
  6.57165656e-04 -4.64262375e-05 -4.09559842e-04  1.66413316e-04
  3.18315724e-04  1.74886271e-04  1.00486955e-04 -4.72567597e-04
  2.66522839e-04  4.08237756e-05 -1.23544145e-04  5.69815107e-04
 -5.24867828e-05  2.30046324e-04 -4.56676586e-04  5.75068989e-04
  2.38456822e-04  7.42832999e-05  3.00335843e-04  6.96004208e-05
 -6.11717522e-04  6.44079177e-04  3.80459620e-04  4.42632387e-04
 -6.22794207e-04  8.91995966e-04 -4.90414677e-04  4.68038867e-04
  3.46081943e-04 -1.75358582e-04  6.80885860e-04  9.16439167e-05
  9.68139066e-05  8.65301699e-05 -4.62465367e-04  2.72383593e-04
 -1.67661070e-04  5.55790612e-04 -7.42613920e-04  6.91308640e-04
 -6.66564039e-04  1.43501748e-04  7.09571119e-04  7.67005957e-04
  8.37493804e-04  4.93932248e-06  7.66835175e-04  6.25794230e-04
  2.10983679e-04  1.56098744e-04  6.29581918e-04  2.07690377e-04
  4.35423717e-04 -6.44555475e-05  3.20917548e-04 -4.31486478e-05]