Vector promedio de Texto 3 
 [ 2.22101327e-04  1.98280221e-04  1.09941451e-04 -5.58742729e-04
  4.95874207e-04 -1.06288947e-03  7.01328507e-04  1.33141922e-03
 -6.22075750e-04 -5.23360097e-04 -4.64913639e-04 -1.11615041e-03
  4.40628974e-05  4.69425460e-04  3.27453221e-04 -1.52052613e-04
 -3.23637534e-04 -7.77660927e-04 -2.08172991e-04 -1.30569062e-03
  3.97044554e-04  2.71017110e-04 -3.29238101e-04 -2.92995363e-04
 -2.13081395e-04 -1.01716010e-04 -5.29415993e-05 -4.85347729e-04
 -3.84589657e-04 -2.98278639e-04  7.22736993e-04  2.07884455e-04
  4.59907373e-04 -6.98337681e-04 -4.67516278e-04  1.18932896e-03
  4.12905007e-04 -3.76347016e-04 -6.57624987e-05 -1.01463054e-03
  2.65142357e-04 -2.44601775e-04 -5.15628606e-04 -9.23288608e-05
  7.77270412e-04 -3.42609201e-05 -4.61667049e-04  2.05356177e-04
  3.62740917e-04  1.94321125e-04  8.25792958e-05 -5.44595357e-04
  2.56629486e-04  3.17210579e-05 -1.26017098e-04  6.72989292e-04
 -7.19005620e-05  2.37231710e-04 -4.61154908e-04  6.61076047e-04
  2.67083466e-04  1.23761434e-04  3.36148718e-04  1.00104204e-04
 -7.11202505e-04  7.61856558e-04  4.34810296e-04  5.25581127e-04
 -7.10793247e-04  1.02248264e-03 -5.55362494e-04  5.21132024e-04
  3.80767218e-04 -1.72001994e-04  7.70806626e-04  9.15051569e-05
  1.20643381e-04  1.36845658e-04 -5.40465699e-04  2.35740736e-04
 -2.00238719e-04  6.34045806e-04 -8.77362792e-04  8.42857989e-04
 -7.75555265e-04  1.56001624e-04  8.59319000e-04  8.65598384e-04
  9.39673453e-04 -6.64444315e-06  9.20970400e-04  6.64470135e-04
  2.18862129e-04  1.43963101e-04  6.98257179e-04  2.87337636e-04
  5.02589624e-04 -6.71459566e-05  3.32876574e-04 -1.55016933e-05]