      Texto 1   Texto 2   Texto 3
aab  0.000000  0.143628  0.000000
aac  0.000000  0.227645  0.000000
aad  0.000000  0.000000  0.000000
aaf  0.000000  0.000000  0.143628
aag  0.000000  0.000000  0.143628
aal  0.053009  0.000000  0.053009
aan  0.227645  0.000000  0.000000
aap  0.000000  0.143628  0.000000
aaq  0.143628  0.000000  0.000000
aar  0.053009  0.000000  0.084017
aas  0.053009  0.084017  0.000000
aat  0.143628  0.000000  0.000000
aau  0.143628  0.000000  0.000000
aay  0.000000  0.000000  0.143628
aba  0.000000  0.000000  0.000000
abe  0.000000  0.000000  0.000000
abi  0.000000  0.287256  0.000000
abl  0.000000  0.000000  0.000000
abo  0.000000  0.000000  0.227645
abr  0.084017  0.000000  0.084017
abt  0.000000  0.000000  0.287256
abu  0.143628  0.000000  0.000000
aca  0.148814  0.123083  0.000000
ace  0.000000  0.000000  0.143628
ach  0.000000  0.000000  0.000000
aci  0.000000  0.000000  0.000000
acl  0.053009  0.000000  0.053009
aco  0.000000  0.000000  0.000000
act  0.000000  0.227645  0.000000
acu  0.227645  0.000000  0.000000
ada  0.000000  0.000000  0.000000
add  0.000000  0.000000  0.000000
ade  0.000000  0.000000  0.000000
adh  0.000000  0.143628  0.000000
adi  0.000000  0.000000  0.000000
adm  0.000000  0.143628  0.000000
ado  0.000000  0.000000  0.000000
adq  0.143628  0.000000  0.000000
adr  0.403214  0.000000  0.000000
ady  0.000000  0.000000  0.143628
ael  0.106018  0.000000  0.106018
aem  0.143628  0.000000  0.000000
aen  0.000000  0.000000  0.000000
aer  0.053009  0.053009  0.000000
aes  0.000000  0.000000  0.000000
aex  0.000000  0.000000  0.227645
afa  0.000000  0.000000  0.143628
afe  0.000000  0.143628  0.000000
afi  0.000000  0.000000  0.227645
afo  0.000000  0.143628  0.000000
afr  0.053009  0.053009  0.000000
afu  0.053009  0.053009  0.000000
aga  0.143628  0.000000  0.000000
age  0.053009  0.053009  0.000000
agl  0.000000  0.000000  0.227645
agr  0.000000  0.000000  0.227645
agu  0.084017  0.000000  0.053009
ahe  0.143628  0.000000  0.000000
aho  0.000000  0.000000  0.000000
ahp  0.000000  0.143628  0.000000
ahu  0.000000  0.143628  0.000000
aid  0.000000  0.000000  0.227645
aim  0.000000  0.053009  0.084017
ain  0.053009  0.000000  0.053009
air  0.000000  0.227645  0.000000
aja  0.000000  0.053009  0.084017
aje  0.000000  0.227645  0.000000
ajo  0.123083  0.000000  0.053009
ala  0.000000  0.000000  0.000000
alb  0.000000  0.143628  0.000000
alc  0.000000  0.000000  0.143628
ald  0.000000  0.403214  0.000000
ale  0.000000  0.000000  0.000000
alg  0.000000  0.000000  0.000000
ali  0.000000  0.000000  0.000000
all  0.000000  0.000000  0.000000
alm  0.000000  0.084017  0.053009
alo  0.000000  0.000000  0.000000
alp  0.143628  0.000000  0.000000
alq  0.000000  0.053009  0.053009
als  0.084017  0.053009  0.000000
alt  0.227645  0.000000  0.000000
alu  0.053009  0.000000  0.084017
alv  0.053009  0.053009  0.000000
aly  0.287256  0.000000  0.000000
ama  0.000000  0.000000  0.000000
amb  0.053009  0.000000  0.084017
ame  0.000000  0.000000  0.000000
ami  0.000000  0.000000  0.000000
amm  0.143628  0.000000  0.000000
amo  0.084017  0.123083  0.000000
amp  0.084017  0.084017  0.000000
ams  0.227645  0.000000  0.000000
amu  0.000000  0.143628  0.000000
ana  0.000000  0.000000  0.000000
anb  0.084017  0.000000  0.053009
anc  0.000000  0.000000  0.000000
and  0.000000  0.000000  0.000000
ane  0.000000  0.000000  0.000000
ang  0.000000  0.053009  0.053009
ani  0.000000  0.000000  0.000000
anl  0.084017  0.106018  0.000000
anm  0.000000  0.227645  0.000000
ano  0.000000  0.000000  0.000000
anp  0.000000  0.000000  0.143628
anq  0.000000  0.227645  0.000000
ans  0.053009  0.084017  0.000000
ant  0.000000  0.000000  0.000000
anu  0.000000  0.000000  0.000000
any  0.227645  0.000000  0.000000
anz  0.143628  0.000000  0.000000
aoa  0.227645  0.000000  0.000000
aoe  0.053009  0.000000  0.053009
aon  0.000000  0.143628  0.000000
aop  0.000000  0.000000  0.143628
aos  0.053009  0.053009  0.000000
apa  0.000000  0.000000  0.000000
ape  0.053009  0.084017  0.000000
api  0.053009  0.000000  0.053009
apl  0.000000  0.000000  0.143628
apo  0.000000  0.053009  0.106018
apr  0.000000  0.000000  0.000000
apt  0.000000  0.143628  0.000000
apu  0.227645  0.000000  0.000000
aqu  0.000000  0.000000  0.000000
ara  0.000000  0.000000  0.000000
arb  0.000000  0.000000  0.000000
arc  0.053009  0.053009  0.000000
ard  0.053009  0.000000  0.084017
are  0.000000  0.000000  0.000000
arf  0.000000  0.143628  0.000000
arg  0.000000  0.000000  0.000000
ari  0.000000  0.000000  0.000000
arl  0.000000  0.000000  0.000000
arm  0.000000  0.053009  0.053009
arn  0.000000  0.000000  0.143628
aro  0.084017  0.084017  0.000000
arp  0.000000  0.000000  0.143628
arq  0.000000  0.143628  0.000000
arr  0.000000  0.000000  0.000000
ars  0.000000  0.053009  0.084017
art  0.000000  0.000000  0.000000
aru  0.000000  0.000000  0.227645
ary  0.053009  0.000000  0.053009
arz  0.000000  0.143628  0.000000
asa  0.000000  0.000000  0.000000
asb  0.000000  0.000000  0.227645
asc  0.000000  0.000000  0.000000
asd  0.000000  0.000000  0.000000
ase  0.000000  0.000000  0.000000
asf  0.053009  0.053009  0.000000
asg  0.000000  0.053009  0.053009
ash  0.000000  0.000000  0.227645
asi  0.123083  0.084017  0.000000
asl  0.123083  0.000000  0.106018
asm  0.137026  0.000000  0.053009
asn  0.000000  0.227645  0.000000
aso  0.000000  0.123083  0.053009
asp  0.000000  0.000000  0.000000
asq  0.053009  0.000000  0.053009
asr  0.000000  0.143628  0.000000
ass  0.000000  0.000000  0.000000
ast  0.000000  0.000000  0.000000
asu  0.000000  0.000000  0.000000
asv  0.000000  0.000000  0.227645
asy  0.000000  0.000000  0.000000
ata  0.000000  0.000000  0.000000
ate  0.000000  0.000000  0.000000
ati  0.000000  0.000000  0.000000
ato  0.000000  0.000000  0.000000
atr  0.000000  0.000000  0.000000
att  0.143628  0.000000  0.000000
atu  0.000000  0.000000  0.143628
aul  0.227645  0.000000  0.000000
aun  0.287256  0.000000  0.000000
aus  0.000000  0.000000  0.143628
aux  0.143628  0.000000  0.000000
ava  0.000000  0.000000  0.143628
ave  0.000000  0.000000  0.000000
avi  0.000000  0.403214  0.000000
avo  0.000000  0.053009  0.053009
avs  0.000000  0.000000  0.143628
aya  0.000000  0.159026  0.053009
ayc  0.053009  0.000000  0.053009
ayd  0.000000  0.000000  0.227645
aye  0.053009  0.000000  0.106018
ayn  0.227645  0.000000  0.000000
ayo  0.227645  0.000000  0.000000
ayq  0.143628  0.000000  0.000000
ayr  0.000000  0.143628  0.000000
ays  0.000000  0.000000  0.143628
ayt  0.000000  0.000000  0.143628
azc  0.000000  0.000000  0.371273
azd  0.000000  0.143628  0.000000
azn  0.000000  0.143628  0.000000
azu  0.000000  0.053009  0.053009
bab  0.143628  0.000000  0.000000
bac  0.053009  0.053009  0.000000
bad  0.106018  0.053009  0.000000
bae  0.287256  0.000000  0.000000
baj  0.000000  0.000000  0.000000
bal  0.143628  0.000000  0.000000
bam  0.053009  0.053009  0.000000
ban  0.000000  0.000000  0.000000
bap  0.053009  0.053009  0.000000
bar  0.333493  0.000000  0.000000
bas  0.053009  0.053009  0.000000
bat  0.227645  0.000000  0.000000
bay  0.053009  0.053009  0.000000
beb  0.000000  0.000000  0.143628
bed  0.143628  0.000000  0.000000
bee  0.000000  0.000000  0.143628
bel  0.106018  0.084017  0.000000
ben  0.000000  0.053009  0.084017
ber  0.000000  0.333493  0.000000
bes  0.143628  0.000000  0.000000
bet  0.000000  0.000000  0.333493
bia  0.000000  0.227645  0.000000
bid  0.000000  0.000000  0.143628
bie  0.000000  0.000000  0.227645
big  0.000000  0.227645  0.000000
bin  0.053009  0.000000  0.084017
bio  0.000000  0.000000  0.000000
bir  0.053009  0.053009  0.000000
bje  0.053009  0.053009  0.000000
bla  0.000000  0.000000  0.000000
ble  0.000000  0.053009  0.123083
blo  0.053009  0.053009  0.000000
boc  0.143628  0.000000  0.000000
bog  0.000000  0.000000  0.143628
boh  0.000000  0.000000  0.227645
bol  0.000000  0.143628  0.000000
bon  0.053009  0.000000  0.053009
bor  0.000000  0.000000  0.143628
bos  0.143628  0.000000  0.000000
bra  0.000000  0.000000  0.000000
bre  0.000000  0.000000  0.000000
bri  0.143628  0.000000  0.000000
bro  0.084017  0.053009  0.000000
bti  0.000000  0.000000  0.287256
bue  0.000000  0.000000  0.000000
bui  0.000000  0.000000  0.143628
bul  0.143628  0.000000  0.000000
bus  0.000000  0.000000  0.143628
cab  0.159026  0.053009  0.000000
cac  0.053009  0.084017  0.000000
cad  0.000000  0.000000  0.000000
cae  0.053009  0.084017  0.000000
cal  0.084017  0.123083  0.000000
cam  0.000000  0.000000  0.000000
can  0.123083  0.000000  0.053009
cao  0.000000  0.143628  0.000000
cap  0.084017  0.084017  0.000000
caq  0.000000  0.000000  0.143628
car  0.123083  0.000000  0.176091
cas  0.000000  0.000000  0.000000
cat  0.000000  0.000000  0.000000
cau  0.053009  0.000000  0.053009
cav  0.000000  0.143628  0.000000
cay  0.084017  0.053009  0.000000
cci  0.106018  0.000000  0.084017
cec  0.143628  0.000000  0.000000
ced  0.000000  0.000000  0.143628
ceg  0.000000  0.000000  0.143628
cel  0.000000  0.000000  0.000000
cen  0.000000  0.000000  0.000000
ceo  0.143628  0.000000  0.000000
cep  0.000000  0.084017  0.053009
cer  0.000000  0.000000  0.000000
ces  0.084017  0.000000  0.137026
cha  0.000000  0.000000  0.000000
che  0.000000  0.227645  0.000000
chi  0.227645  0.000000  0.000000
cho  0.000000  0.000000  0.000000
cia  0.000000  0.000000  0.000000
cid  0.000000  0.053009  0.053009
cie  0.000000  0.000000  0.000000
cil  0.053009  0.053009  0.000000
cin  0.000000  0.000000  0.000000
cio  0.000000  0.000000  0.000000
cip  0.084017  0.000000  0.106018
ciq  0.143628  0.000000  0.000000
cir  0.053009  0.000000  0.084017
cis  0.227645  0.000000  0.000000
cit  0.143628  0.000000  0.000000
cla  0.106018  0.000000  0.053009
clu  0.000000  0.000000  0.227645
cmi  0.000000  0.000000  0.143628
cmo  0.000000  0.000000  0.143628
coa  0.000000  0.000000  0.143628
cob  0.000000  0.143628  0.000000
coc  0.143628  0.000000  0.000000
coe  0.000000  0.143628  0.000000
coh  0.000000  0.000000  0.143628
col  0.000000  0.227645  0.000000
com  0.000000  0.000000  0.000000
con  0.000000  0.000000  0.000000
cop  0.000000  0.000000  0.143628
cor  0.137026  0.084017  0.000000
cos  0.000000  0.000000  0.000000
coy  0.000000  0.143628  0.000000
cpu  0.143628  0.000000  0.000000
cre  0.000000  0.000000  0.000000
cri  0.000000  0.000000  0.000000
cta  0.143628  0.000000  0.000000
cti  0.000000  0.143628  0.000000
cto  0.053009  0.000000  0.053009
ctu  0.000000  0.053009  0.053009
cua  0.000000  0.000000  0.000000
cuc  0.000000  0.000000  0.143628
cue  0.000000  0.000000  0.000000
cul  0.000000  0.053009  0.084017
cun  0.287256  0.000000  0.000000
cur  0.000000  0.084017  0.084017
daa  0.000000  0.000000  0.143628
dab  0.084017  0.000000  0.084017
dac  0.000000  0.000000  0.000000
dad  0.000000  0.000000  0.000000
dae  0.000000  0.000000  0.000000
dai  0.000000  0.000000  0.143628
daj  0.143628  0.000000  0.000000
dal  0.000000  0.000000  0.143628
dan  0.106018  0.084017  0.000000
dao  0.143628  0.000000  0.000000
dap  0.000000  0.000000  0.227645
das  0.000000  0.000000  0.000000
dav  0.000000  0.143628  0.000000
day  0.000000  0.053009  0.053009
dce  0.000000  0.143628  0.000000
dde  0.000000  0.000000  0.000000
ddi  0.143628  0.000000  0.000000
dea  0.084017  0.000000  0.159026
deb  0.000000  0.137026  0.084017
dec  0.000000  0.000000  0.000000
ded  0.000000  0.053009  0.053009
dee  0.000000  0.053009  0.148814
def  0.053009  0.000000  0.053009
dei  0.000000  0.000000  0.227645
dej  0.053009  0.000000  0.084017
del  0.000000  0.000000  0.000000
dem  0.000000  0.000000  0.000000
den  0.000000  0.000000  0.000000
deo  0.143628  0.000000  0.000000
dep  0.000000  0.000000  0.000000
deq  0.000000  0.000000  0.143628
der  0.000000  0.000000  0.000000
des  0.000000  0.000000  0.000000
det  0.000000  0.137026  0.084017
deu  0.000000  0.106018  0.106018
dev  0.000000  0.000000  0.000000
dey  0.053009  0.053009  0.000000
dhe  0.000000  0.143628  0.000000
dia  0.106018  0.000000  0.159026
dic  0.000000  0.000000  0.000000
did  0.000000  0.143628  0.000000
die  0.106018  0.000000  0.159026
dif  0.000000  0.143628  0.000000
dij  0.084017  0.053009  0.000000
dil  0.000000  0.143628  0.000000
dir  0.053009  0.000000  0.084017
dis  0.000000  0.000000  0.000000
dit  0.000000  0.143628  0.000000
div  0.000000  0.143628  0.000000
dmi  0.000000  0.143628  0.000000
doa  0.000000  0.084017  0.084017
doc  0.000000  0.000000  0.000000
dod  0.000000  0.000000  0.000000
doe  0.000000  0.000000  0.000000
dol  0.000000  0.000000  0.000000
dom  0.053009  0.106018  0.000000
don  0.084017  0.106018  0.000000
dop  0.000000  0.000000  0.000000
doq  0.053009  0.053009  0.000000
dor  0.000000  0.143628  0.000000
dos  0.000000  0.000000  0.000000
dot  0.143628  0.000000  0.000000
dou  0.053009  0.000000  0.053009
dqu  0.143628  0.000000  0.000000
dra  0.000000  0.053009  0.106018
dre  0.403214  0.000000  0.000000
dst  0.000000  0.000000  0.143628
duc  0.084017  0.000000  0.106018
dul  0.000000  0.000000  0.227645
dun  0.000000  0.143628  0.000000
dur  0.053009  0.053009  0.000000
dyp  0.000000  0.000000  0.143628
eab  0.053009  0.053009  0.000000
eac  0.287256  0.000000  0.000000
ead  0.084017  0.084017  0.000000
eae  0.143628  0.000000  0.000000
eah  0.053009  0.053009  0.000000
eal  0.000000  0.137026  0.123083
eam  0.000000  0.053009  0.053009
ean  0.000000  0.143628  0.000000
eao  0.143628  0.000000  0.000000
eap  0.053009  0.000000  0.053009
eaq  0.143628  0.000000  0.000000
ear  0.000000  0.000000  0.287256
eas  0.000000  0.053009  0.084017
eat  0.227645  0.000000  0.000000
eay  0.143628  0.000000  0.000000
eaz  0.000000  0.000000  0.143628
ebe  0.000000  0.000000  0.227645
ebi  0.000000  0.053009  0.053009
ebl  0.053009  0.084017  0.000000
ebr  0.000000  0.287256  0.000000
ebu  0.000000  0.053009  0.053009
eca  0.000000  0.000000  0.000000
ecc  0.287256  0.000000  0.000000
ece  0.000000  0.000000  0.000000
ech  0.000000  0.143628  0.000000
eci  0.000000  0.000000  0.000000
ecl  0.227645  0.000000  0.000000
eco  0.000000  0.000000  0.000000
ect  0.084017  0.000000  0.053009
ecu  0.000000  0.000000  0.000000
eda  0.000000  0.053009  0.106018
ede  0.000000  0.000000  0.000000
edi  0.000000  0.000000  0.000000
edo  0.000000  0.287256  0.000000
edr  0.000000  0.143628  0.000000
eej  0.000000  0.053009  0.053009
eel  0.000000  0.000000  0.000000
een  0.000000  0.000000  0.000000
eer  0.143628  0.000000  0.000000
ees  0.000000  0.000000  0.000000
eex  0.000000  0.000000  0.227645
efe  0.143628  0.000000  0.000000
efi  0.000000  0.053009  0.053009
efr  0.000000  0.000000  0.227645
efu  0.053009  0.000000  0.084017
ega  0.053009  0.000000  0.084017
ege  0.000000  0.000000  0.227645
egi  0.000000  0.227645  0.000000
egl  0.000000  0.000000  0.143628
ego  0.000000  0.143628  0.000000
egr  0.053009  0.000000  0.084017
egu  0.084017  0.053009  0.000000
eha  0.000000  0.000000  0.000000
ehi  0.143628  0.000000  0.000000
eib  0.143628  0.000000  0.000000
eig  0.000000  0.227645  0.000000
ein  0.053009  0.000000  0.106018
eit  0.000000  0.143628  0.000000
eja  0.053009  0.000000  0.084017
eje  0.000000  0.106018  0.053009
ejo  0.000000  0.053009  0.084017
ela  0.000000  0.000000  0.000000
elb  0.053009  0.000000  0.084017
elc  0.137026  0.000000  0.084017
eld  0.000000  0.000000  0.000000
ele  0.000000  0.000000  0.000000
elg  0.227645  0.000000  0.000000
elh  0.143628  0.000000  0.000000
eli  0.000000  0.143628  0.000000
ell  0.000000  0.000000  0.000000
elm  0.000000  0.000000  0.000000
eln  0.000000  0.000000  0.143628
elo  0.000000  0.000000  0.000000
elp  0.000000  0.000000  0.000000
elr  0.000000  0.227645  0.000000
els  0.000000  0.053009  0.106018
elt  0.000000  0.000000  0.000000
elv  0.084017  0.053009  0.000000
ema  0.000000  0.000000  0.000000
emb  0.084017  0.053009  0.000000
eme  0.000000  0.000000  0.000000
emi  0.123083  0.053009  0.000000
emo  0.053009  0.053009  0.000000
emp  0.000000  0.000000  0.000000
ems  0.000000  0.000000  0.143628
emt  0.000000  0.000000  0.143628
emu  0.053009  0.000000  0.053009
emx  0.000000  0.143628  0.000000
ena  0.000000  0.000000  0.000000
enc  0.000000  0.000000  0.000000
end  0.000000  0.000000  0.000000
ene  0.000000  0.000000  0.000000
enf  0.000000  0.000000  0.227645
eng  0.000000  0.000000  0.000000
eni  0.000000  0.143628  0.000000
enl  0.000000  0.000000  0.000000
enm  0.053009  0.000000  0.053009
eno  0.000000  0.000000  0.000000
enp  0.000000  0.053009  0.084017
enq  0.000000  0.143628  0.000000
enr  0.106018  0.000000  0.053009
ens  0.000000  0.000000  0.000000
ent  0.000000  0.000000  0.000000
enu  0.053009  0.000000  0.106018
eny  0.000000  0.000000  0.143628
eod  0.053009  0.053009  0.000000
eol  0.143628  0.000000  0.000000
eon  0.000000  0.000000  0.143628
eor  0.143628  0.000000  0.000000
eos  0.000000  0.053009  0.053009
eot  0.143628  0.000000  0.000000
epa  0.000000  0.000000  0.000000
epe  0.000000  0.000000  0.000000
epi  0.000000  0.143628  0.000000
epo  0.000000  0.000000  0.000000
epr  0.000000  0.084017  0.123083
ept  0.000000  0.227645  0.000000
epu  0.053009  0.000000  0.053009
equ  0.000000  0.000000  0.000000
era  0.000000  0.000000  0.000000
erb  0.053009  0.000000  0.053009
erc  0.000000  0.000000  0.000000
erd  0.123083  0.053009  0.000000
ere  0.000000  0.000000  0.000000
erg  0.000000  0.000000  0.143628
eri  0.000000  0.000000  0.000000
erl  0.000000  0.000000  0.000000
erm  0.000000  0.000000  0.000000
ern  0.053009  0.084017  0.000000
ero  0.000000  0.000000  0.000000
erp  0.053009  0.000000  0.053009
erq  0.143628  0.000000  0.000000
err  0.000000  0.143628  0.000000
ers  0.000000  0.123083  0.106018
ert  0.000000  0.000000  0.000000
erz  0.053009  0.053009  0.000000
esa  0.000000  0.000000  0.000000
esc  0.000000  0.000000  0.000000
esd  0.000000  0.000000  0.000000
ese  0.000000  0.000000  0.000000
esg  0.000000  0.000000  0.143628
esi  0.000000  0.000000  0.000000
esl  0.000000  0.084017  0.084017
esm  0.000000  0.000000  0.000000
esn  0.000000  0.227645  0.000000
eso  0.000000  0.000000  0.000000
esp  0.000000  0.000000  0.000000
esq  0.106018  0.000000  0.084017
esr  0.000000  0.000000  0.000000
ess  0.053009  0.106018  0.000000
est  0.000000  0.000000  0.000000
esu  0.000000  0.000000  0.000000
esv  0.000000  0.143628  0.000000
esy  0.000000  0.000000  0.000000
eta  0.000000  0.000000  0.430883
ete  0.000000  0.000000  0.000000
eti  0.000000  0.053009  0.106018
eto  0.084017  0.000000  0.053009
etr  0.053009  0.123083  0.000000
ett  0.143628  0.000000  0.000000
etv  0.143628  0.000000  0.000000
eun  0.000000  0.000000  0.000000
eva  0.000000  0.000000  0.000000
eve  0.106018  0.000000  0.084017
evi  0.000000  0.053009  0.137026
evo  0.084017  0.053009  0.000000
exa  0.000000  0.143628  0.000000
exc  0.000000  0.143628  0.000000
exi  0.000000  0.143628  0.000000
exm  0.143628  0.000000  0.000000
exp  0.000000  0.000000  0.430883
ext  0.000000  0.137026  0.148814
eya  0.084017  0.084017  0.000000
eye  0.000000  0.227645  0.000000
eza  0.000000  0.143628  0.000000
ezc  0.053009  0.000000  0.053009
ezd  0.000000  0.143628  0.000000
eze  0.000000  0.053009  0.084017
ezp  0.143628  0.000000  0.000000
ezq  0.000000  0.143628  0.000000
ezs  0.143628  0.000000  0.000000
ezv  0.000000  0.143628  0.000000
fal  0.000000  0.143628  0.000000
fat  0.143628  0.000000  0.000000
fav  0.000000  0.053009  0.053009
fci  0.000000  0.143628  0.000000
fei  0.000000  0.143628  0.000000
fen  0.143628  0.000000  0.000000
fer  0.000000  0.000000  0.143628
fes  0.287256  0.000000  0.000000
fic  0.053009  0.000000  0.053009
fij  0.143628  0.000000  0.000000
fin  0.000000  0.000000  0.000000
fir  0.000000  0.000000  0.143628
flo  0.000000  0.143628  0.000000
for  0.000000  0.143628  0.000000
fre  0.000000  0.000000  0.000000
fro  0.000000  0.143628  0.000000
fru  0.000000  0.000000  0.227645
fue  0.000000  0.000000  0.000000
fun  0.000000  0.143628  0.000000
fut  0.000000  0.000000  0.227645
gad  0.143628  0.000000  0.000000
gae  0.000000  0.000000  0.143628
gal  0.000000  0.053009  0.053009
gan  0.000000  0.000000  0.000000
gap  0.000000  0.000000  0.143628
gaq  0.000000  0.000000  0.143628
gar  0.000000  0.000000  0.000000
gas  0.000000  0.000000  0.000000
gbe  0.000000  0.143628  0.000000
gen  0.084017  0.053009  0.000000
ges  0.000000  0.143628  0.000000
get  0.000000  0.000000  0.227645
gia  0.143628  0.000000  0.000000
gin  0.000000  0.227645  0.000000
gli  0.000000  0.000000  0.143628
glu  0.000000  0.000000  0.227645
gnc  0.000000  0.143628  0.000000
gno  0.000000  0.287256  0.000000
goa  0.143628  0.000000  0.000000
god  0.000000  0.227645  0.000000
goe  0.143628  0.000000  0.000000
gol  0.143628  0.000000  0.000000
gor  0.143628  0.000000  0.000000
got  0.000000  0.143628  0.000000
goy  0.000000  0.000000  0.143628
gra  0.084017  0.000000  0.106018
gre  0.000000  0.123083  0.106018
gri  0.143628  0.000000  0.000000
gua  0.000000  0.000000  0.000000
gue  0.053009  0.053009  0.000000
gui  0.000000  0.000000  0.227645
gum  0.000000  0.000000  0.455289
gun  0.000000  0.000000  0.000000
guo  0.287256  0.000000  0.000000
gus  0.143628  0.000000  0.000000
haa  0.000000  0.053009  0.053009
hab  0.123083  0.106018  0.000000
hac  0.143628  0.000000  0.000000
hag  0.143628  0.000000  0.000000
hap  0.000000  0.143628  0.000000
har  0.000000  0.000000  0.143628
has  0.000000  0.053009  0.084017
hat  0.000000  0.000000  0.143628
hay  0.000000  0.000000  0.143628
hea  0.143628  0.000000  0.000000
her  0.000000  0.000000  0.000000
hes  0.000000  0.227645  0.000000
hic  0.227645  0.000000  0.000000
hid  0.000000  0.000000  0.227645
hij  0.143628  0.000000  0.000000
hiq  0.143628  0.000000  0.000000
hom  0.053009  0.053009  0.000000
hon  0.000000  0.143628  0.000000
hop  0.000000  0.000000  0.143628
hor  0.000000  0.000000  0.000000
hos  0.000000  0.000000  0.000000
hpe  0.000000  0.143628  0.000000
hum  0.000000  0.287256  0.000000
iab  0.053009  0.000000  0.159026
iad  0.000000  0.000000  0.000000
ial  0.000000  0.000000  0.000000
iam  0.143628  0.000000  0.000000
ian  0.227645  0.000000  0.000000
iaq  0.000000  0.000000  0.143628
iar  0.084017  0.053009  0.000000
ias  0.053009  0.053009  0.000000
iav  0.000000  0.143628  0.000000
iay  0.000000  0.053009  0.053009
iba  0.227645  0.000000  0.000000
ibe  0.000000  0.123083  0.053009
ibi  0.053009  0.106018  0.000000
ibl  0.000000  0.053009  0.053009
ibr  0.227645  0.000000  0.000000
ibu  0.000000  0.000000  0.143628
ica  0.000000  0.148814  0.106018
ice  0.053009  0.000000  0.053009
ich  0.000000  0.000000  0.143628
ici  0.000000  0.000000  0.000000
icm  0.000000  0.000000  0.143628
ico  0.000000  0.000000  0.000000
icu  0.000000  0.143628  0.000000
ida  0.000000  0.000000  0.000000
ide  0.000000  0.053009  0.106018
idi  0.143628  0.000000  0.000000
ido  0.053009  0.123083  0.000000
idr  0.000000  0.000000  0.227645
iec  0.143628  0.000000  0.000000
ied  0.000000  0.053009  0.106018
iel  0.000000  0.000000  0.143628
iem  0.000000  0.000000  0.000000
ien  0.000000  0.000000  0.000000
ier  0.000000  0.000000  0.000000
ies  0.000000  0.053009  0.084017
iet  0.084017  0.000000  0.148814
iez  0.143628  0.000000  0.000000
ifc  0.000000  0.143628  0.000000
iga  0.053009  0.000000  0.053009
igb  0.000000  0.143628  0.000000
ign  0.000000  0.287256  0.000000
igo  0.000000  0.143628  0.000000
igr  0.000000  0.333493  0.000000
igu  0.000000  0.000000  0.000000
ihe  0.143628  0.000000  0.000000
ija  0.053009  0.053009  0.000000
ijo  0.106018  0.053009  0.000000
ila  0.000000  0.000000  0.000000
ile  0.000000  0.143628  0.000000
ili  0.143628  0.000000  0.000000
ill  0.084017  0.053009  0.000000
ima  0.106018  0.053009  0.000000
ime  0.137026  0.000000  0.106018
imn  0.000000  0.143628  0.000000
imo  0.143628  0.000000  0.000000
imp  0.000000  0.000000  0.000000
imu  0.000000  0.227645  0.000000
ina  0.000000  0.000000  0.000000
inb  0.227645  0.000000  0.000000
inc  0.123083  0.000000  0.123083
ind  0.000000  0.000000  0.000000
ine  0.000000  0.000000  0.000000
ing  0.000000  0.143628  0.000000
inl  0.000000  0.053009  0.053009
inm  0.000000  0.333493  0.000000
inn  0.000000  0.143628  0.000000
ino  0.000000  0.053009  0.053009
inp  0.000000  0.227645  0.000000
ins  0.000000  0.000000  0.000000
int  0.000000  0.000000  0.000000
inu  0.000000  0.000000  0.227645
iny  0.000000  0.000000  0.143628
ioc  0.143628  0.000000  0.000000
iod  0.053009  0.000000  0.084017
ioe  0.000000  0.143628  0.000000
ioh  0.000000  0.143628  0.000000
ion  0.000000  0.000000  0.000000
ioq  0.143628  0.000000  0.000000
ior  0.123083  0.053009  0.000000
ios  0.053009  0.106018  0.000000
iot  0.000000  0.143628  0.000000
iov  0.143628  0.000000  0.000000
ipa  0.123083  0.000000  0.053009
ipc  0.000000  0.143628  0.000000
ipl  0.000000  0.000000  0.227645
ipo  0.000000  0.000000  0.143628
ipr  0.143628  0.000000  0.000000
ipt  0.000000  0.333493  0.000000
iqu  0.455289  0.000000  0.000000
ira  0.000000  0.000000  0.000000
irc  0.227645  0.000000  0.000000
ire  0.000000  0.000000  0.000000
irl  0.000000  0.143628  0.000000
irm  0.053009  0.000000  0.084017
irn  0.000000  0.143628  0.000000
iro  0.000000  0.000000  0.143628
irp  0.000000  0.000000  0.143628
irs  0.000000  0.053009  0.053009
iry  0.053009  0.053009  0.000000
isa  0.000000  0.143628  0.000000
isc  0.053009  0.000000  0.106018
ise  0.227645  0.000000  0.000000
isi  0.106018  0.123083  0.000000
ism  0.000000  0.000000  0.000000
iso  0.123083  0.053009  0.000000
ist  0.000000  0.000000  0.000000
isu  0.000000  0.143628  0.000000
isy  0.000000  0.000000  0.143628
ita  0.000000  0.053009  0.123083
ite  0.000000  0.148814  0.053009
iti  0.053009  0.084017  0.000000
itn  0.227645  0.000000  0.000000
ito  0.084017  0.106018  0.000000
itu  0.000000  0.143628  0.000000
iva  0.000000  0.053009  0.084017
ive  0.000000  0.000000  0.143628
ivi  0.000000  0.143628  0.000000
ivo  0.000000  0.137026  0.106018
iza  0.000000  0.227645  0.000000
izl  0.000000  0.000000  0.143628
izo  0.143628  0.000000  0.000000
jab  0.143628  0.000000  0.000000
jad  0.000000  0.000000  0.143628
jae  0.000000  0.000000  0.143628
jam  0.143628  0.000000  0.000000
jar  0.000000  0.053009  0.053009
jas  0.000000  0.053009  0.053009
jee  0.000000  0.143628  0.000000
jem  0.000000  0.106018  0.053009
jer  0.053009  0.053009  0.000000
jet  0.053009  0.053009  0.000000
jic  0.000000  0.143628  0.000000
jit  0.000000  0.143628  0.000000
joc  0.227645  0.000000  0.000000
jod  0.143628  0.000000  0.000000
jon  0.053009  0.000000  0.053009
jop  0.000000  0.143628  0.000000
jor  0.000000  0.053009  0.084017
jos  0.227645  0.000000  0.000000
jov  0.143628  0.000000  0.000000
jun  0.143628  0.000000  0.000000
laa  0.000000  0.000000  0.000000
lab  0.084017  0.000000  0.053009
lac  0.106018  0.000000  0.106018
lad  0.000000  0.000000  0.000000
lae  0.000000  0.000000  0.000000
laf  0.000000  0.000000  0.000000
lag  0.053009  0.000000  0.084017
lah  0.000000  0.000000  0.000000
lai  0.000000  0.053009  0.053009
lal  0.000000  0.287256  0.000000
lam  0.000000  0.000000  0.000000
lan  0.000000  0.000000  0.000000
lao  0.053009  0.000000  0.053009
lap  0.000000  0.000000  0.000000
laq  0.053009  0.000000  0.053009
lar  0.053009  0.123083  0.000000
las  0.000000  0.000000  0.000000
lat  0.000000  0.000000  0.000000
lau  0.227645  0.000000  0.000000
lav  0.000000  0.000000  0.000000
lay  0.143628  0.000000  0.000000
laz  0.000000  0.053009  0.084017
lba  0.000000  0.053009  0.053009
lbe  0.143628  0.000000  0.000000
lbu  0.000000  0.000000  0.143628
lca  0.123083  0.000000  0.053009
lce  0.000000  0.000000  0.227645
lco  0.053009  0.000000  0.053009
lcu  0.053009  0.000000  0.053009
lde  0.000000  0.000000  0.000000
ldi  0.143628  0.000000  0.000000
ldo  0.000000  0.287256  0.000000
lea  0.000000  0.227645  0.000000
lec  0.053009  0.000000  0.053009
led  0.000000  0.000000  0.143628
lee  0.000000  0.000000  0.000000
leg  0.227645  0.000000  0.000000
leh  0.143628  0.000000  0.000000
lel  0.227645  0.000000  0.000000
lem  0.000000  0.000000  0.000000
len  0.000000  0.000000  0.000000
lep  0.000000  0.053009  0.053009
ler  0.227645  0.000000  0.000000
les  0.000000  0.000000  0.000000
lev  0.000000  0.000000  0.000000
lez  0.000000  0.143628  0.000000
lge  0.143628  0.000000  0.000000
lgi  0.143628  0.000000  0.000000
lgn  0.000000  0.143628  0.000000
lgr  0.143628  0.000000  0.000000
lgu  0.000000  0.000000  0.000000
lho  0.143628  0.000000  0.000000
lia  0.053009  0.000000  0.053009
lib  0.084017  0.084017  0.000000
lic  0.000000  0.053009  0.123083
lid  0.000000  0.000000  0.000000
lie  0.000000  0.143628  0.000000
lig  0.000000  0.000000  0.143628
lim  0.000000  0.053009  0.084017
lin  0.000000  0.000000  0.371273
lir  0.227645  0.000000  0.000000
lit  0.000000  0.287256  0.000000
liz  0.000000  0.227645  0.000000
lla  0.123083  0.084017  0.000000
llc  0.143628  0.000000  0.000000
lle  0.000000  0.000000  0.000000
lll  0.143628  0.000000  0.000000
llo  0.000000  0.000000  0.000000
llu  0.000000  0.143628  0.000000
lma  0.143628  0.000000  0.000000
lme  0.000000  0.053009  0.084017
lmi  0.143628  0.000000  0.000000
lmp  0.000000  0.143628  0.000000
lmu  0.000000  0.143628  0.000000
lni  0.000000  0.000000  0.143628
loa  0.143628  0.000000  0.000000
loc  0.053009  0.053009  0.000000
lod  0.000000  0.287256  0.000000
loe  0.053009  0.053009  0.000000
log  0.053009  0.000000  0.053009
loi  0.000000  0.053009  0.053009
lol  0.000000  0.227645  0.000000
lon  0.143628  0.000000  0.000000
loo  0.053009  0.053009  0.000000
lop  0.000000  0.000000  0.227645
loq  0.053009  0.000000  0.053009
lor  0.000000  0.000000  0.000000
los  0.000000  0.000000  0.000000
lot  0.000000  0.143628  0.000000
loy  0.143628  0.000000  0.000000
lpa  0.000000  0.053009  0.053009
lpe  0.143628  0.000000  0.000000
lpi  0.333493  0.000000  0.000000
lpn  0.000000  0.000000  0.143628
lpr  0.287256  0.000000  0.000000
lpu  0.143628  0.000000  0.000000
lqu  0.000000  0.053009  0.053009
lre  0.000000  0.227645  0.000000
lsa  0.053009  0.000000  0.053009
lsi  0.053009  0.000000  0.053009
lso  0.000000  0.143628  0.000000
lst  0.000000  0.000000  0.143628
lsu  0.000000  0.143628  0.000000
lta  0.053009  0.000000  0.053009
lte  0.000000  0.000000  0.000000
lti  0.000000  0.084017  0.053009
lto  0.084017  0.000000  0.053009
ltr  0.000000  0.000000  0.143628
luc  0.000000  0.000000  0.227645
lud  0.053009  0.000000  0.084017
lue  0.000000  0.143628  0.000000
lug  0.000000  0.143628  0.000000
lui  0.000000  0.000000  0.227645
lum  0.143628  0.000000  0.000000
lva  0.084017  0.053009  0.000000
lve  0.123083  0.053009  0.000000
lvi  0.143628  0.000000  0.000000
lvl  0.143628  0.000000  0.000000
lyn  0.143628  0.000000  0.000000
lyo  0.227645  0.000000  0.000000
maa  0.143628  0.000000  0.000000
mad  0.333493  0.000000  0.000000
mae  0.159026  0.000000  0.053009
mag  0.000000  0.143628  0.000000
mah  0.143628  0.000000  0.000000
mal  0.000000  0.000000  0.000000
mam  0.143628  0.000000  0.000000
man  0.000000  0.000000  0.000000
map  0.000000  0.000000  0.143628
mar  0.084017  0.084017  0.000000
mas  0.123083  0.053009  0.000000
mat  0.000000  0.143628  0.000000
may  0.000000  0.143628  0.000000
mba  0.143628  0.000000  0.000000
mbi  0.053009  0.000000  0.106018
mbo  0.143628  0.000000  0.000000
mbr  0.053009  0.084017  0.000000
mea  0.227645  0.000000  0.000000
med  0.000000  0.000000  0.000000
mee  0.143628  0.000000  0.000000
meh  0.227645  0.000000  0.000000
mej  0.000000  0.053009  0.084017
mel  0.000000  0.000000  0.000000
mem  0.053009  0.000000  0.053009
men  0.000000  0.000000  0.000000
mep  0.227645  0.000000  0.000000
mer  0.137026  0.000000  0.106018
mes  0.287256  0.000000  0.000000
met  0.143628  0.000000  0.000000
mez  0.000000  0.143628  0.000000
mia  0.227645  0.000000  0.000000
mic  0.000000  0.000000  0.143628
mid  0.000000  0.000000  0.287256
mie  0.000000  0.053009  0.106018
mig  0.143628  0.000000  0.000000
mih  0.143628  0.000000  0.000000
mim  0.227645  0.000000  0.000000
min  0.000000  0.084017  0.084017
mio  0.143628  0.000000  0.000000
mip  0.143628  0.000000  0.000000
mir  0.000000  0.000000  0.000000
mis  0.084017  0.053009  0.000000
mit  0.000000  0.084017  0.053009
mme  0.143628  0.000000  0.000000
mnd  0.000000  0.143628  0.000000
mod  0.000000  0.000000  0.143628
moe  0.084017  0.000000  0.053009
mol  0.053009  0.000000  0.084017
mom  0.143628  0.000000  0.000000
mon  0.000000  0.000000  0.000000
mop  0.143628  0.000000  0.000000
mor  0.053009  0.137026  0.000000
mos  0.000000  0.000000  0.000000
mou  0.143628  0.000000  0.000000
mpa  0.084017  0.084017  0.000000
mpe  0.053009  0.053009  0.000000
mpl  0.000000  0.106018  0.084017
mpo  0.000000  0.000000  0.000000
mpr  0.106018  0.000000  0.053009
mpt  0.143628  0.000000  0.000000
msa  0.143628  0.000000  0.000000
msb  0.000000  0.000000  0.143628
msc  0.227645  0.000000  0.000000
msd  0.000000  0.000000  0.143628
msg  0.143628  0.000000  0.000000
msn  0.000000  0.000000  0.143628
msq  0.000000  0.143628  0.000000
mst  0.000000  0.227645  0.000000
mti  0.000000  0.000000  0.143628
muc  0.053009  0.000000  0.084017
mue  0.000000  0.053009  0.053009
muj  0.053009  0.053009  0.000000
mul  0.000000  0.227645  0.000000
mun  0.143628  0.000000  0.000000
muy  0.000000  0.053009  0.053009
mxi  0.000000  0.227645  0.000000
naa  0.084017  0.053009  0.000000
nab  0.000000  0.000000  0.000000
nac  0.000000  0.143628  0.000000
nad  0.000000  0.000000  0.000000
nae  0.000000  0.000000  0.000000
nah  0.053009  0.053009  0.000000
nai  0.000000  0.053009  0.084017
naj  0.000000  0.143628  0.000000
nal  0.000000  0.000000  0.000000
nam  0.053009  0.000000  0.053009
nan  0.000000  0.000000  0.000000
nap  0.000000  0.084017  0.106018
naq  0.000000  0.000000  0.227645
nar  0.000000  0.053009  0.084017
nas  0.137026  0.000000  0.159026
nat  0.053009  0.000000  0.123083
nau  0.143628  0.000000  0.000000
nav  0.000000  0.000000  0.000000
nay  0.000000  0.227645  0.000000
naz  0.000000  0.000000  0.143628
nba  0.084017  0.000000  0.053009
nbu  0.227645  0.000000  0.000000
nca  0.123083  0.000000  0.084017
nce  0.000000  0.000000  0.000000
nch  0.053009  0.084017  0.000000
nci  0.000000  0.000000  0.000000
ncl  0.000000  0.000000  0.227645
nco  0.000000  0.000000  0.000000
ncr  0.053009  0.000000  0.053009
ncu  0.000000  0.000000  0.000000
nda  0.123083  0.000000  0.084017
ndc  0.000000  0.143628  0.000000
nde  0.000000  0.000000  0.000000
ndi  0.000000  0.000000  0.000000
ndo  0.000000  0.000000  0.000000
ndr  0.000000  0.000000  0.143628
nea  0.000000  0.053009  0.053009
nec  0.053009  0.000000  0.053009
ned  0.000000  0.143628  0.000000
nel  0.000000  0.000000  0.000000
nem  0.143628  0.000000  0.000000
nen  0.053009  0.000000  0.137026
ner  0.053009  0.000000  0.148814
nes  0.000000  0.000000  0.000000
neu  0.143628  0.000000  0.000000
nev  0.000000  0.000000  0.143628
nex  0.000000  0.000000  0.143628
nez  0.000000  0.143628  0.000000
nfe  0.000000  0.000000  0.143628
nfr  0.000000  0.053009  0.053009
nga  0.000000  0.084017  0.053009
nge  0.000000  0.143628  0.000000
ngo  0.227645  0.000000  0.000000
ngr  0.000000  0.000000  0.143628
ngu  0.000000  0.227645  0.000000
nic  0.053009  0.053009  0.000000
nie  0.143628  0.000000  0.000000
nil  0.000000  0.143628  0.000000
nim  0.143628  0.000000  0.000000
nin  0.000000  0.287256  0.000000
nio  0.143628  0.000000  0.000000
nis  0.000000  0.000000  0.000000
nit  0.143628  0.000000  0.000000
niv  0.000000  0.000000  0.143628
nla  0.000000  0.000000  0.000000
nli  0.000000  0.143628  0.000000
nll  0.143628  0.000000  0.000000
nlo  0.084017  0.000000  0.084017
nma  0.143628  0.000000  0.000000
nme  0.000000  0.143628  0.000000
nmo  0.000000  0.333493  0.000000
nms  0.000000  0.143628  0.000000
nmu  0.000000  0.000000  0.143628
nni  0.143628  0.000000  0.000000
nno  0.084017  0.053009  0.000000
noa  0.000000  0.143628  0.000000
noc  0.000000  0.143628  0.000000
nod  0.000000  0.000000  0.000000
noe  0.053009  0.106018  0.000000
noh  0.000000  0.143628  0.000000
nol  0.000000  0.084017  0.053009
nom  0.227645  0.000000  0.000000
nop  0.000000  0.053009  0.084017
noq  0.084017  0.000000  0.053009
nor  0.000000  0.106018  0.053009
nos  0.190034  0.168034  0.000000
not  0.053009  0.000000  0.053009
nov  0.143628  0.000000  0.000000
noy  0.143628  0.000000  0.000000
npa  0.000000  0.227645  0.000000
npe  0.000000  0.106018  0.084017
npr  0.000000  0.053009  0.053009
nqu  0.084017  0.137026  0.000000
nre  0.053009  0.084017  0.000000
nri  0.106018  0.000000  0.053009
nru  0.143628  0.000000  0.000000
nsa  0.000000  0.143628  0.000000
nsc  0.143628  0.000000  0.000000
nse  0.000000  0.084017  0.053009
nsm  0.000000  0.227645  0.000000
nst  0.000000  0.143628  0.000000
nsu  0.000000  0.000000  0.000000
nsv  0.000000  0.143628  0.000000
nta  0.000000  0.000000  0.000000
nte  0.000000  0.000000  0.000000
ntf  0.000000  0.000000  0.143628
nti  0.000000  0.000000  0.000000
nto  0.000000  0.000000  0.000000
ntr  0.000000  0.000000  0.000000
ntu  0.053009  0.053009  0.000000
nua  0.000000  0.000000  0.143628
nue  0.084017  0.084017  0.000000
nun  0.053009  0.000000  0.148814
nus  0.000000  0.000000  0.143628
nut  0.000000  0.000000  0.143628
nuy  0.000000  0.000000  0.143628
nya  0.143628  0.000000  0.000000
nyd  0.000000  0.000000  0.227645
nyv  0.143628  0.000000  0.000000
nza  0.143628  0.000000  0.000000
oaa  0.000000  0.227645  0.000000
oab  0.000000  0.000000  0.143628
oad  0.000000  0.000000  0.227645
oag  0.000000  0.000000  0.143628
oal  0.123083  0.000000  0.053009
oan  0.143628  0.000000  0.000000
oap  0.000000  0.000000  0.143628
oaq  0.227645  0.000000  0.000000
oar  0.000000  0.000000  0.333493
oas  0.000000  0.143628  0.000000
oat  0.000000  0.000000  0.143628
oba  0.143628  0.000000  0.000000
obj  0.143628  0.000000  0.000000
obl  0.000000  0.000000  0.143628
obr  0.084017  0.053009  0.000000
oca  0.123083  0.148814  0.000000
oce  0.053009  0.000000  0.106018
och  0.000000  0.143628  0.000000
oci  0.000000  0.143628  0.000000
ocm  0.000000  0.000000  0.143628
oco  0.000000  0.000000  0.000000
ocu  0.000000  0.000000  0.000000
oda  0.000000  0.000000  0.000000
ode  0.000000  0.000000  0.000000
odi  0.000000  0.000000  0.000000
odo  0.000000  0.000000  0.000000
ods  0.000000  0.000000  0.143628
odu  0.106018  0.000000  0.106018
oei  0.143628  0.000000  0.000000
oel  0.000000  0.000000  0.000000
oen  0.148814  0.053009  0.000000
oes  0.000000  0.000000  0.000000
oex  0.000000  0.053009  0.053009
ofe  0.287256  0.000000  0.000000
ofi  0.143628  0.000000  0.000000
oga  0.000000  0.000000  0.143628
ogr  0.053009  0.000000  0.053009
oha  0.053009  0.106018  0.000000
ohe  0.000000  0.000000  0.143628
ohi  0.000000  0.000000  0.227645
ohu  0.000000  0.143628  0.000000
oid  0.000000  0.000000  0.143628
oig  0.000000  0.143628  0.000000
oji  0.000000  0.143628  0.000000
ola  0.000000  0.000000  0.000000
ole  0.000000  0.227645  0.000000
oli  0.000000  0.333493  0.000000
olo  0.000000  0.000000  0.000000
olp  0.143628  0.000000  0.000000
olt  0.000000  0.000000  0.143628
olu  0.000000  0.143628  0.000000
olv  0.371273  0.000000  0.000000
oma  0.333493  0.000000  0.000000
omb  0.000000  0.000000  0.000000
ome  0.000000  0.000000  0.000000
omi  0.000000  0.000000  0.000000
omo  0.000000  0.000000  0.000000
omp  0.084017  0.000000  0.053009
oms  0.000000  0.227645  0.000000
omx  0.000000  0.143628  0.000000
ona  0.000000  0.000000  0.000000
onc  0.000000  0.000000  0.000000
ond  0.000000  0.000000  0.000000
one  0.000000  0.000000  0.000000
onf  0.000000  0.143628  0.000000
ong  0.000000  0.143628  0.000000
oni  0.000000  0.000000  0.000000
onl  0.084017  0.084017  0.000000
onn  0.287256  0.000000  0.000000
ono  0.000000  0.000000  0.000000
onq  0.053009  0.084017  0.000000
onr  0.053009  0.053009  0.000000
ons  0.084017  0.000000  0.084017
ont  0.000000  0.000000  0.000000
onu  0.000000  0.000000  0.143628
oob  0.143628  0.000000  0.000000
ool  0.000000  0.143628  0.000000
oop  0.000000  0.000000  0.143628
oot  0.000000  0.143628  0.000000
opa  0.000000  0.000000  0.000000
ope  0.084017  0.000000  0.106018
opi  0.000000  0.143628  0.000000
opo  0.000000  0.000000  0.000000
opr  0.084017  0.000000  0.053009
opu  0.053009  0.000000  0.106018
oqu  0.000000  0.000000  0.000000
ora  0.000000  0.000000  0.000000
orc  0.084017  0.084017  0.000000
ord  0.000000  0.000000  0.000000
ore  0.000000  0.000000  0.000000
orf  0.000000  0.000000  0.000000
org  0.000000  0.000000  0.143628
orh  0.000000  0.143628  0.000000
ori  0.053009  0.084017  0.000000
orl  0.143628  0.000000  0.000000
orm  0.000000  0.000000  0.000000
orn  0.143628  0.000000  0.000000
oro  0.000000  0.000000  0.227645
orp  0.000000  0.084017  0.053009
orq  0.000000  0.000000  0.000000
orr  0.053009  0.084017  0.000000
ors  0.000000  0.053009  0.084017
ort  0.000000  0.000000  0.000000
oru  0.000000  0.000000  0.000000
osa  0.000000  0.000000  0.000000
osb  0.227645  0.000000  0.000000
osc  0.000000  0.000000  0.000000
osd  0.000000  0.000000  0.000000
ose  0.000000  0.000000  0.000000
osf  0.053009  0.053009  0.000000
osg  0.143628  0.000000  0.000000
osh  0.000000  0.143628  0.000000
osi  0.000000  0.000000  0.000000
osj  0.143628  0.000000  0.000000
osl  0.000000  0.000000  0.000000
osm  0.333493  0.000000  0.000000
osn  0.053009  0.053009  0.000000
oso  0.000000  0.000000  0.000000
osp  0.000000  0.000000  0.000000
osq  0.000000  0.000000  0.000000
osr  0.000000  0.053009  0.106018
oss  0.084017  0.137026  0.000000
ost  0.000000  0.000000  0.000000
osu  0.000000  0.084017  0.053009
osy  0.000000  0.000000  0.000000
ota  0.084017  0.053009  0.000000
ote  0.053009  0.000000  0.084017
oti  0.000000  0.227645  0.000000
otr  0.000000  0.000000  0.000000
oun  0.000000  0.000000  0.000000
ove  0.143628  0.000000  0.000000
ovi  0.227645  0.000000  0.000000
ovo  0.084017  0.053009  0.000000
own  0.000000  0.143628  0.000000
oya  0.000000  0.000000  0.143628
oyc  0.143628  0.000000  0.000000
oye  0.143628  0.000000  0.000000
oyl  0.143628  0.000000  0.000000
oyn  0.000000  0.143628  0.000000
oyp  0.000000  0.000000  0.143628
oys  0.227645  0.000000  0.000000
oze  0.143628  0.000000  0.000000
paa  0.000000  0.143628  0.000000
pab  0.143628  0.000000  0.000000
pac  0.000000  0.000000  0.333493
pad  0.000000  0.000000  0.000000
pae  0.143628  0.000000  0.000000
pal  0.000000  0.000000  0.000000
pan  0.143628  0.000000  0.000000
par  0.000000  0.000000  0.000000
pas  0.287256  0.000000  0.000000
pci  0.000000  0.143628  0.000000
pec  0.053009  0.000000  0.053009
ped  0.000000  0.143628  0.000000
pel  0.143628  0.000000  0.000000
pen  0.000000  0.000000  0.000000
peq  0.053009  0.053009  0.000000
per  0.000000  0.000000  0.000000
pes  0.000000  0.143628  0.000000
pia  0.000000  0.000000  0.000000
pic  0.143628  0.000000  0.000000
pid  0.143628  0.000000  0.000000
pie  0.000000  0.143628  0.000000
pin  0.000000  0.143628  0.000000
pis  0.287256  0.000000  0.000000
pla  0.000000  0.084017  0.084017
pli  0.000000  0.000000  0.371273
plo  0.000000  0.106018  0.053009
plu  0.143628  0.000000  0.000000
pnc  0.000000  0.000000  0.143628
poc  0.000000  0.143628  0.000000
pod  0.000000  0.053009  0.053009
poe  0.143628  0.000000  0.000000
pol  0.000000  0.000000  0.143628
pom  0.143628  0.000000  0.000000
pon  0.053009  0.000000  0.123083
pop  0.000000  0.000000  0.143628
por  0.000000  0.000000  0.000000
pos  0.000000  0.053009  0.123083
pot  0.053009  0.053009  0.000000
poy  0.000000  0.000000  0.143628
pre  0.000000  0.000000  0.000000
pri  0.000000  0.000000  0.000000
pro  0.000000  0.000000  0.000000
prv  0.143628  0.000000  0.000000
prx  0.143628  0.000000  0.000000
pta  0.000000  0.143628  0.000000
pti  0.053009  0.106018  0.000000
pto  0.000000  0.227645  0.000000
ptu  0.000000  0.143628  0.000000
pue  0.000000  0.000000  0.000000
pul  0.143628  0.000000  0.000000
pun  0.000000  0.000000  0.227645
pus  0.143628  0.000000  0.000000
que  0.000000  0.000000  0.000000
qui  0.000000  0.000000  0.000000
qut  0.143628  0.000000  0.000000
raa  0.000000  0.000000  0.000000
rab  0.106018  0.084017  0.000000
rac  0.053009  0.106018  0.000000
rad  0.000000  0.000000  0.000000
rae  0.000000  0.053009  0.053009
raf  0.000000  0.143628  0.000000
rai  0.053009  0.000000  0.053009
ral  0.000000  0.000000  0.000000
ram  0.123083  0.123083  0.000000
ran  0.000000  0.000000  0.000000
rap  0.084017  0.000000  0.084017
raq  0.000000  0.000000  0.227645
rar  0.000000  0.000000  0.000000
ras  0.000000  0.000000  0.000000
rat  0.000000  0.000000  0.000000
rav  0.000000  0.084017  0.053009
ray  0.053009  0.000000  0.053009
raz  0.000000  0.143628  0.000000
rba  0.143628  0.000000  0.000000
rbi  0.000000  0.000000  0.143628
rbo  0.000000  0.000000  0.000000
rbu  0.000000  0.000000  0.143628
rca  0.000000  0.000000  0.000000
rce  0.143628  0.000000  0.000000
rch  0.053009  0.053009  0.000000
rci  0.053009  0.053009  0.000000
rco  0.333493  0.000000  0.000000
rda  0.148814  0.053009  0.000000
rde  0.106018  0.000000  0.106018
rdi  0.143628  0.000000  0.000000
rdo  0.143628  0.000000  0.000000
rdu  0.000000  0.053009  0.053009
rea  0.000000  0.000000  0.000000
rec  0.000000  0.000000  0.000000
red  0.000000  0.053009  0.084017
ree  0.106018  0.106018  0.000000
ref  0.000000  0.000000  0.333493
reg  0.000000  0.106018  0.084017
rej  0.000000  0.143628  0.000000
rel  0.084017  0.053009  0.000000
rem  0.106018  0.084017  0.000000
ren  0.000000  0.000000  0.000000
rep  0.000000  0.143628  0.000000
req  0.000000  0.053009  0.053009
rer  0.227645  0.000000  0.000000
res  0.000000  0.000000  0.000000
ret  0.053009  0.106018  0.000000
rev  0.000000  0.000000  0.287256
rey  0.143628  0.000000  0.000000
rez  0.000000  0.000000  0.287256
rfa  0.000000  0.143628  0.000000
rfi  0.053009  0.053009  0.000000
rfu  0.000000  0.000000  0.143628
rga  0.053009  0.000000  0.084017
rgo  0.053009  0.053009  0.000000
rgu  0.000000  0.000000  0.455289
rhu  0.000000  0.143628  0.000000
ria  0.053009  0.106018  0.000000
rib  0.000000  0.000000  0.000000
ric  0.000000  0.000000  0.143628
rid  0.000000  0.143628  0.000000
rie  0.000000  0.000000  0.333493
ril  0.143628  0.000000  0.000000
rim  0.137026  0.000000  0.053009
rin  0.053009  0.000000  0.084017
rio  0.000000  0.000000  0.000000
rip  0.000000  0.371273  0.000000
riq  0.287256  0.000000  0.000000
rir  0.000000  0.143628  0.000000
ris  0.084017  0.053009  0.000000
rit  0.053009  0.053009  0.000000
riz  0.143628  0.000000  0.000000
rla  0.000000  0.106018  0.123083
rle  0.084017  0.053009  0.000000
rlo  0.084017  0.106018  0.000000
rma  0.000000  0.000000  0.000000
rme  0.000000  0.000000  0.000000
rmi  0.053009  0.000000  0.084017
rmo  0.000000  0.000000  0.143628
rms  0.000000  0.000000  0.227645
rna  0.000000  0.227645  0.000000
rno  0.000000  0.000000  0.000000
rnu  0.143628  0.000000  0.000000
roa  0.106018  0.000000  0.084017
rob  0.000000  0.000000  0.143628
roc  0.000000  0.000000  0.000000
rod  0.148814  0.000000  0.123083
roe  0.053009  0.000000  0.084017
rof  0.287256  0.000000  0.000000
roh  0.000000  0.143628  0.000000
rol  0.000000  0.000000  0.143628
rom  0.227645  0.000000  0.000000
ron  0.123083  0.106018  0.000000
rop  0.053009  0.053009  0.000000
ror  0.143628  0.000000  0.000000
ros  0.168034  0.106018  0.000000
rot  0.053009  0.000000  0.123083
rov  0.084017  0.053009  0.000000
row  0.000000  0.143628  0.000000
roy  0.143628  0.000000  0.000000
rpa  0.000000  0.000000  0.143628
rpo  0.000000  0.053009  0.084017
rpr  0.000000  0.000000  0.000000
rqu  0.000000  0.000000  0.000000
rra  0.000000  0.000000  0.000000
rre  0.000000  0.143628  0.000000
rri  0.000000  0.143628  0.000000
rro  0.000000  0.143628  0.000000
rru  0.143628  0.000000  0.000000
rse  0.000000  0.000000  0.227645
rsi  0.000000  0.106018  0.084017
rso  0.000000  0.106018  0.053009
rsu  0.000000  0.084017  0.123083
rta  0.000000  0.000000  0.000000
rtc  0.000000  0.000000  0.227645
rte  0.000000  0.000000  0.000000
rti  0.053009  0.106018  0.000000
rto  0.053009  0.084017  0.000000
rub  0.227645  0.000000  0.000000
ruc  0.000000  0.000000  0.143628
rug  0.143628  0.000000  0.000000
rum  0.143628  0.000000  0.000000
run  0.000000  0.053009  0.137026
rut  0.000000  0.000000  0.227645
rvu  0.143628  0.000000  0.000000
rxi  0.143628  0.000000  0.000000
ryc  0.000000  0.000000  0.143628
rye  0.143628  0.000000  0.000000
ryl  0.000000  0.143628  0.000000
rym  0.143628  0.000000  0.000000
rza  0.053009  0.053009  0.000000
rzo  0.000000  0.143628  0.000000
sab  0.000000  0.000000  0.000000
sac  0.000000  0.000000  0.000000
sad  0.000000  0.000000  0.000000
saf  0.000000  0.000000  0.143628
sai  0.000000  0.143628  0.000000
sal  0.000000  0.000000  0.000000
sam  0.000000  0.143628  0.000000
san  0.000000  0.000000  0.000000
sao  0.000000  0.000000  0.000000
sap  0.000000  0.053009  0.053009
saq  0.000000  0.143628  0.000000
sar  0.000000  0.000000  0.000000
sas  0.000000  0.000000  0.143628
say  0.000000  0.000000  0.143628
saz  0.000000  0.000000  0.227645
sba  0.143628  0.000000  0.000000
sbe  0.000000  0.000000  0.143628
sbi  0.000000  0.000000  0.143628
sbl  0.000000  0.000000  0.143628
sbo  0.143628  0.000000  0.000000
sca  0.000000  0.000000  0.000000
sce  0.000000  0.084017  0.053009
sch  0.143628  0.000000  0.000000
sci  0.000000  0.000000  0.333493
sco  0.000000  0.000000  0.000000
scp  0.143628  0.000000  0.000000
scr  0.000000  0.000000  0.000000
scu  0.000000  0.000000  0.000000
sda  0.000000  0.227645  0.000000
sde  0.000000  0.000000  0.000000
sdi  0.000000  0.000000  0.000000
sdo  0.084017  0.053009  0.000000
sdu  0.000000  0.143628  0.000000
sea  0.084017  0.084017  0.000000
seb  0.000000  0.143628  0.000000
sec  0.227645  0.000000  0.000000
sed  0.106018  0.000000  0.106018
see  0.000000  0.000000  0.000000
sef  0.143628  0.000000  0.000000
seg  0.227645  0.000000  0.000000
sel  0.000000  0.123083  0.106018
sem  0.084017  0.053009  0.000000
sen  0.000000  0.000000  0.000000
seo  0.053009  0.000000  0.053009
sep  0.084017  0.000000  0.053009
seq  0.143628  0.000000  0.000000
ser  0.106018  0.000000  0.123083
ses  0.000000  0.000000  0.000000
set  0.000000  0.227645  0.000000
sev  0.000000  0.000000  0.143628
sex  0.053009  0.053009  0.000000
sfa  0.053009  0.053009  0.000000
sfi  0.143628  0.000000  0.000000
sfu  0.000000  0.227645  0.000000
sga  0.000000  0.053009  0.053009
sgo  0.053009  0.000000  0.053009
sgu  0.143628  0.000000  0.000000
sha  0.000000  0.000000  0.227645
she  0.000000  0.143628  0.000000
shi  0.143628  0.000000  0.000000
sho  0.000000  0.143628  0.000000
sia  0.053009  0.053009  0.000000
sib  0.000000  0.000000  0.000000
sic  0.000000  0.000000  0.227645
sid  0.084017  0.053009  0.000000
sie  0.000000  0.000000  0.000000
sig  0.000000  0.053009  0.084017
sil  0.000000  0.000000  0.143628
sim  0.053009  0.106018  0.000000
sin  0.000000  0.000000  0.000000
sio  0.000000  0.143628  0.000000
sip  0.143628  0.000000  0.000000
siq  0.287256  0.000000  0.000000
sis  0.084017  0.000000  0.053009
sit  0.000000  0.000000  0.000000
sju  0.143628  0.000000  0.000000
sla  0.000000  0.000000  0.000000
sle  0.053009  0.084017  0.000000
sli  0.084017  0.000000  0.053009
sll  0.143628  0.000000  0.000000
slo  0.053009  0.000000  0.053009
slp  0.143628  0.000000  0.000000
sma  0.106018  0.106018  0.000000
sme  0.123083  0.000000  0.053009
smi  0.000000  0.000000  0.000000
smo  0.000000  0.000000  0.000000
sms  0.143628  0.000000  0.000000
smu  0.000000  0.000000  0.000000
sna  0.000000  0.000000  0.143628
sni  0.000000  0.143628  0.000000
sno  0.053009  0.123083  0.000000
sob  0.227645  0.000000  0.000000
soc  0.000000  0.053009  0.053009
sod  0.000000  0.000000  0.227645
soe  0.000000  0.143628  0.000000
sof  0.143628  0.000000  0.000000
soj  0.000000  0.143628  0.000000
sol  0.000000  0.287256  0.000000
som  0.000000  0.227645  0.000000
son  0.053009  0.159026  0.000000
sop  0.227645  0.000000  0.000000
soq  0.143628  0.000000  0.000000
sor  0.106018  0.106018  0.000000
sos  0.000000  0.106018  0.084017
sot  0.227645  0.000000  0.000000
sou  0.000000  0.143628  0.000000
soy  0.143628  0.000000  0.000000
spa  0.000000  0.000000  0.000000
spe  0.000000  0.000000  0.000000
spi  0.000000  0.143628  0.000000
spl  0.053009  0.084017  0.000000
spo  0.000000  0.000000  0.000000
spr  0.000000  0.000000  0.000000
spu  0.053009  0.053009  0.000000
squ  0.000000  0.000000  0.000000
sra  0.000000  0.143628  0.000000
sre  0.053009  0.000000  0.123083
sro  0.084017  0.053009  0.000000
srt  0.000000  0.143628  0.000000
ssa  0.000000  0.227645  0.000000
sse  0.000000  0.000000  0.000000
ssi  0.084017  0.053009  0.000000
sso  0.000000  0.371273  0.000000
ssu  0.000000  0.143628  0.000000
sta  0.000000  0.000000  0.000000
stb  0.143628  0.000000  0.000000
stc  0.000000  0.000000  0.143628
ste  0.000000  0.000000  0.000000
sti  0.000000  0.000000  0.000000
stl  0.000000  0.143628  0.000000
stn  0.000000  0.000000  0.143628
sto  0.000000  0.000000  0.000000
str  0.183380  0.000000  0.106018
sts  0.000000  0.000000  0.143628
stt  0.000000  0.143628  0.000000
stu  0.227645  0.000000  0.000000
sua  0.053009  0.000000  0.084017
sub  0.000000  0.143628  0.000000
suc  0.053009  0.000000  0.053009
sue  0.053009  0.053009  0.000000
sul  0.000000  0.000000  0.333493
sum  0.000000  0.053009  0.084017
sun  0.000000  0.053009  0.084017
sup  0.000000  0.000000  0.000000
sur  0.053009  0.053009  0.000000
sus  0.123083  0.137026  0.000000
suv  0.053009  0.000000  0.053009
suy  0.000000  0.143628  0.000000
sve  0.000000  0.000000  0.227645
svi  0.000000  0.227645  0.000000
sya  0.000000  0.143628  0.000000
syc  0.000000  0.053009  0.053009
sye  0.000000  0.084017  0.053009
syf  0.000000  0.143628  0.000000
syl  0.053009  0.000000  0.084017
sym  0.084017  0.000000  0.053009
syo  0.227645  0.000000  0.000000
syp  0.143628  0.000000  0.000000
syq  0.000000  0.143628  0.000000
syr  0.000000  0.053009  0.053009
syt  0.143628  0.000000  0.000000
syv  0.053009  0.000000  0.053009
taa  0.227645  0.000000  0.000000
tab  0.000000  0.000000  0.000000
tac  0.000000  0.084017  0.106018
tad  0.000000  0.000000  0.000000
tae  0.000000  0.000000  0.287256
tag  0.143628  0.000000  0.000000
taj  0.000000  0.000000  0.143628
tal  0.000000  0.000000  0.000000
tam  0.000000  0.000000  0.000000
tan  0.159026  0.000000  0.123083
tap  0.000000  0.000000  0.227645
taq  0.053009  0.000000  0.053009
tar  0.000000  0.000000  0.000000
tas  0.000000  0.000000  0.000000
tat  0.000000  0.000000  0.287256
tav  0.143628  0.000000  0.000000
tay  0.053009  0.000000  0.106018
tbu  0.143628  0.000000  0.000000
tco  0.000000  0.000000  0.143628
tcu  0.000000  0.000000  0.227645
tea  0.084017  0.000000  0.053009
tec  0.084017  0.123083  0.000000
ted  0.000000  0.143628  0.000000
tee  0.000000  0.084017  0.106018
teg  0.000000  0.000000  0.227645
tei  0.000000  0.143628  0.000000
tel  0.000000  0.053009  0.053009
tem  0.000000  0.000000  0.000000
ten  0.000000  0.000000  0.000000
teo  0.000000  0.053009  0.053009
tep  0.000000  0.000000  0.000000
teq  0.143628  0.000000  0.000000
ter  0.000000  0.000000  0.000000
tes  0.000000  0.000000  0.000000
tet  0.053009  0.000000  0.106018
teu  0.143628  0.000000  0.000000
tev  0.053009  0.000000  0.053009
tex  0.000000  0.148814  0.148814
tey  0.000000  0.287256  0.000000
tfi  0.000000  0.000000  0.143628
tia  0.143628  0.000000  0.000000
tib  0.000000  0.227645  0.000000
tic  0.000000  0.000000  0.000000
tie  0.000000  0.000000  0.000000
tig  0.123083  0.123083  0.000000
tij  0.000000  0.143628  0.000000
til  0.143628  0.000000  0.000000
tin  0.000000  0.000000  0.000000
tio  0.143628  0.000000  0.000000
tip  0.053009  0.000000  0.053009
tir  0.000000  0.227645  0.000000
tis  0.000000  0.053009  0.053009
tit  0.000000  0.143628  0.000000
tiv  0.000000  0.137026  0.137026
tll  0.000000  0.143628  0.000000
tnd  0.143628  0.000000  0.000000
tne  0.000000  0.000000  0.143628
tnq  0.143628  0.000000  0.000000
toa  0.000000  0.000000  0.403214
toc  0.000000  0.000000  0.000000
tod  0.000000  0.000000  0.000000
toe  0.227645  0.000000  0.000000
toh  0.000000  0.143628  0.000000
tol  0.000000  0.000000  0.000000
tom  0.000000  0.000000  0.143628
ton  0.000000  0.106018  0.053009
too  0.000000  0.053009  0.053009
top  0.084017  0.053009  0.000000
toq  0.000000  0.000000  0.000000
tor  0.000000  0.000000  0.000000
tos  0.000000  0.000000  0.000000
tra  0.000000  0.000000  0.000000
tre  0.000000  0.000000  0.000000
tri  0.084017  0.000000  0.084017
tro  0.000000  0.000000  0.000000
tru  0.000000  0.000000  0.143628
tsi  0.000000  0.000000  0.143628
tti  0.084017  0.053009  0.000000
tud  0.053009  0.053009  0.000000
tun  0.143628  0.000000  0.000000
tur  0.000000  0.053009  0.084017
tus  0.000000  0.227645  0.000000
tuv  0.143628  0.000000  0.000000
tva  0.143628  0.000000  0.000000
uaa  0.000000  0.000000  0.143628
uac  0.000000  0.000000  0.143628
uad  0.000000  0.000000  0.000000
uaj  0.000000  0.143628  0.000000
ual  0.371273  0.000000  0.000000
uan  0.000000  0.000000  0.000000
uar  0.143628  0.000000  0.000000
uat  0.143628  0.000000  0.000000
ubi  0.227645  0.000000  0.000000
ubj  0.000000  0.143628  0.000000
uca  0.084017  0.000000  0.053009
ucc  0.000000  0.000000  0.227645
uce  0.000000  0.000000  0.143628
uch  0.053009  0.000000  0.106018
uci  0.053009  0.000000  0.053009
uco  0.000000  0.000000  0.227645
uct  0.000000  0.000000  0.143628
uda  0.000000  0.000000  0.227645
udd  0.053009  0.053009  0.000000
udi  0.143628  0.000000  0.000000
uea  0.106018  0.084017  0.000000
ueb  0.000000  0.000000  0.000000
uec  0.084017  0.053009  0.000000
ued  0.106018  0.000000  0.106018
uee  0.000000  0.000000  0.000000
uef  0.000000  0.143628  0.000000
ueg  0.000000  0.143628  0.000000
ueh  0.000000  0.000000  0.000000
uei  0.053009  0.053009  0.000000
uel  0.000000  0.000000  0.000000
uem  0.000000  0.000000  0.000000
uen  0.000000  0.000000  0.000000
ueo  0.053009  0.053009  0.000000
uep  0.000000  0.000000  0.000000
ueq  0.000000  0.000000  0.143628
uer  0.000000  0.000000  0.000000
ues  0.000000  0.000000  0.000000
uet  0.084017  0.000000  0.106018
ueu  0.000000  0.143628  0.000000
uev  0.084017  0.053009  0.000000
uga  0.053009  0.053009  0.000000
uie  0.053009  0.000000  0.159026
uin  0.143628  0.000000  0.000000
uir  0.053009  0.000000  0.106018
uis  0.143628  0.000000  0.000000
uit  0.053009  0.053009  0.000000
uiz  0.000000  0.000000  0.143628
uje  0.143628  0.000000  0.000000
uji  0.000000  0.143628  0.000000
ula  0.084017  0.084017  0.000000
ulc  0.000000  0.000000  0.227645
ule  0.000000  0.143628  0.000000
uli  0.000000  0.000000  0.287256
ulo  0.000000  0.000000  0.000000
ult  0.000000  0.000000  0.143628
uma  0.053009  0.084017  0.000000
ume  0.000000  0.084017  0.168034
umi  0.000000  0.000000  0.143628
umo  0.053009  0.000000  0.053009
una  0.000000  0.000000  0.000000
unc  0.084017  0.084017  0.000000
und  0.287256  0.000000  0.000000
ung  0.143628  0.000000  0.000000
uni  0.143628  0.000000  0.000000
unl  0.000000  0.000000  0.227645
uno  0.123083  0.000000  0.053009
unp  0.000000  0.227645  0.000000
unr  0.053009  0.053009  0.000000
uns  0.143628  0.000000  0.000000
unt  0.000000  0.000000  0.000000
uom  0.227645  0.000000  0.000000
uos  0.143628  0.000000  0.000000
upa  0.000000  0.000000  0.227645
upe  0.143628  0.000000  0.000000
upl  0.000000  0.000000  0.143628
upr  0.000000  0.143628  0.000000
ura  0.000000  0.000000  0.000000
uro  0.000000  0.143628  0.000000
urs  0.000000  0.053009  0.053009
uru  0.143628  0.000000  0.000000
usa  0.000000  0.053009  0.053009
usc  0.000000  0.053009  0.053009
usd  0.143628  0.000000  0.000000
use  0.053009  0.053009  0.000000
usf  0.000000  0.143628  0.000000
ush  0.053009  0.053009  0.000000
usi  0.053009  0.084017  0.000000
uso  0.000000  0.000000  0.143628
usp  0.143628  0.000000  0.000000
ust  0.143628  0.000000  0.000000
uta  0.000000  0.000000  0.333493
utr  0.053009  0.000000  0.053009
uva  0.000000  0.000000  0.143628
uvo  0.227645  0.000000  0.000000
uxi  0.143628  0.000000  0.000000
uyb  0.000000  0.143628  0.000000
uyd  0.000000  0.000000  0.143628
uye  0.000000  0.000000  0.143628
uyo  0.000000  0.143628  0.000000
vac  0.227645  0.000000  0.000000
vad  0.000000  0.143628  0.000000
vae  0.000000  0.000000  0.143628
val  0.000000  0.000000  0.227645
vam  0.000000  0.143628  0.000000
van  0.000000  0.143628  0.000000
var  0.000000  0.053009  0.053009
vas  0.053009  0.000000  0.053009
vav  0.143628  0.000000  0.000000
vay  0.000000  0.143628  0.000000
vee  0.000000  0.000000  0.143628
veg  0.000000  0.000000  0.227645
vei  0.000000  0.000000  0.143628
vel  0.000000  0.000000  0.143628
vem  0.143628  0.000000  0.000000
ven  0.053009  0.000000  0.084017
ver  0.159026  0.084017  0.000000
ves  0.227645  0.000000  0.000000
vez  0.084017  0.084017  0.000000
via  0.084017  0.000000  0.053009
vid  0.000000  0.333493  0.000000
vie  0.143628  0.000000  0.000000
vil  0.000000  0.143628  0.000000
vis  0.000000  0.123083  0.053009
vit  0.000000  0.000000  0.287256
viv  0.000000  0.143628  0.000000
vla  0.143628  0.000000  0.000000
voc  0.000000  0.053009  0.053009
voe  0.000000  0.053009  0.053009
vol  0.137026  0.053009  0.000000
vom  0.000000  0.143628  0.000000
von  0.000000  0.143628  0.000000
voq  0.143628  0.000000  0.000000
vor  0.000000  0.053009  0.053009
vos  0.000000  0.053009  0.053009
vou  0.000000  0.143628  0.000000
voz  0.143628  0.000000  0.000000
vsd  0.000000  0.000000  0.143628
vul  0.143628  0.000000  0.000000
wns  0.000000  0.143628  0.000000
xas  0.000000  0.143628  0.000000
xcu  0.000000  0.143628  0.000000
xic  0.000000  0.227645  0.000000
xil  0.143628  0.000000  0.000000
xim  0.143628  0.000000  0.000000
xis  0.000000  0.143628  0.000000
xme  0.143628  0.000000  0.000000
xpe  0.000000  0.000000  0.143628
xpl  0.000000  0.000000  0.227645
xpo  0.000000  0.000000  0.333493
xto  0.000000  0.137026  0.148814
yac  0.053009  0.053009  0.000000
yae  0.000000  0.227645  0.000000
yag  0.000000  0.000000  0.143628
yal  0.053009  0.053009  0.000000
yan  0.000000  0.287256  0.000000
yaq  0.000000  0.143628  0.000000
yar  0.000000  0.053009  0.053009
yau  0.143628  0.000000  0.000000
yaz  0.000000  0.143628  0.000000
ybe  0.000000  0.143628  0.000000
yca  0.053009  0.053009  0.000000
yco  0.000000  0.000000  0.287256
ycu  0.143628  0.000000  0.000000
yde  0.000000  0.000000  0.227645
ydi  0.000000  0.000000  0.227645
ydu  0.000000  0.000000  0.143628
yel  0.000000  0.053009  0.084017
yen  0.000000  0.000000  0.000000
yer  0.084017  0.053009  0.000000
yes  0.000000  0.143628  0.000000
yfl  0.000000  0.143628  0.000000
yla  0.000000  0.000000  0.000000
ylo  0.000000  0.000000  0.143628
yma  0.143628  0.000000  0.000000
yme  0.143628  0.000000  0.000000
yms  0.143628  0.000000  0.000000
ymu  0.000000  0.000000  0.143628
yni  0.143628  0.000000  0.000000
yno  0.227645  0.000000  0.000000
ynu  0.000000  0.143628  0.000000
yob  0.143628  0.000000  0.000000
yod  0.143628  0.000000  0.000000
yoh  0.143628  0.000000  0.000000
yom  0.143628  0.000000  0.000000
yos  0.000000  0.143628  0.000000
yot  0.143628  0.000000  0.000000
yoy  0.143628  0.000000  0.000000
ypo  0.053009  0.000000  0.084017
yqu  0.053009  0.053009  0.000000
yra  0.000000  0.143628  0.000000
yre  0.000000  0.053009  0.053009
yse  0.143628  0.000000  0.000000
ysi  0.053009  0.000000  0.053009
yti  0.143628  0.000000  0.000000
ytr  0.000000  0.000000  0.143628
yve  0.053009  0.000000  0.053009
yvo  0.143628  0.000000  0.000000
zad  0.000000  0.143628  0.000000
zae  0.000000  0.143628  0.000000
zag  0.143628  0.000000  0.000000
zal  0.143628  0.000000  0.000000
zas  0.000000  0.143628  0.000000
zat  0.000000  0.143628  0.000000
zca  0.053009  0.000000  0.137026
zcu  0.000000  0.000000  0.143628
zde  0.000000  0.143628  0.000000
zdo  0.000000  0.143628  0.000000
zel  0.000000  0.000000  0.143628
zen  0.000000  0.143628  0.000000
zes  0.143628  0.000000  0.000000
zex  0.000000  0.000000  0.143628
zla  0.000000  0.000000  0.143628
znp  0.000000  0.143628  0.000000
zoc  0.000000  0.143628  0.000000
zos  0.143628  0.000000  0.000000
zpi  0.143628  0.000000  0.000000
zqu  0.000000  0.143628  0.000000
zse  0.143628  0.000000  0.000000
zuc  0.000000  0.000000  0.143628
zul  0.000000  0.143628  0.000000
zva  0.000000  0.143628  0.000000