      Texto 1   Texto 2   Texto 3
aab  0.000000  0.301030  0.000000
aac  0.000000  0.477121  0.000000
aad  0.301030  0.301030  0.301030
aaf  0.000000  0.000000  0.301030
aag  0.000000  0.000000  0.301030
aal  0.301030  0.000000  0.301030
aan  0.477121  0.000000  0.000000
aap  0.000000  0.301030  0.000000
aaq  0.301030  0.000000  0.000000
aar  0.301030  0.000000  0.477121
aas  0.301030  0.477121  0.000000
aat  0.301030  0.000000  0.000000
aau  0.301030  0.000000  0.000000
aay  0.000000  0.000000  0.301030
aba  1.361728  0.903090  0.301030
abe  0.698970  0.301030  0.698970
abi  0.000000  0.602060  0.000000
abl  0.301030  0.301030  0.477121
abo  0.000000  0.000000  0.477121
abr  0.477121  0.000000  0.477121
abt  0.000000  0.000000  0.602060
abu  0.301030  0.000000  0.000000
aca  0.845098  0.698970  0.000000
ace  0.000000  0.000000  0.301030
ach  0.301030  0.477121  0.301030
aci  0.301030  0.477121  0.903090
acl  0.301030  0.000000  0.301030
aco  0.845098  0.698970  0.602060
act  0.000000  0.477121  0.000000
acu  0.477121  0.000000  0.000000
ada  0.698970  0.778151  0.778151
add  0.301030  0.301030  0.477121
ade  1.113943  1.146128  0.903090
adh  0.000000  0.301030  0.000000
adi  0.301030  0.477121  1.113943
adm  0.000000  0.301030  0.000000
ado  1.041393  1.000000  0.954243
adq  0.301030  0.000000  0.000000
adr  0.845098  0.000000  0.000000
ady  0.000000  0.000000  0.301030
ael  0.602060  0.000000  0.602060
aem  0.301030  0.000000  0.000000
aen  0.698970  0.845098  0.698970
aer  0.301030  0.301030  0.000000
aes  1.079181  0.602060  0.698970
aex  0.000000  0.000000  0.477121
afa  0.000000  0.000000  0.301030
afe  0.000000  0.301030  0.000000
afi  0.000000  0.000000  0.477121
afo  0.000000  0.301030  0.000000
afr  0.301030  0.301030  0.000000
afu  0.301030  0.301030  0.000000
aga  0.301030  0.000000  0.000000
age  0.301030  0.301030  0.000000
agl  0.000000  0.000000  0.477121
agr  0.000000  0.000000  0.477121
agu  0.477121  0.000000  0.301030
ahe  0.301030  0.000000  0.000000
aho  0.602060  0.301030  0.301030
ahp  0.000000  0.301030  0.000000
ahu  0.000000  0.301030  0.000000
aid  0.000000  0.000000  0.477121
aim  0.000000  0.301030  0.477121
ain  0.301030  0.000000  0.301030
air  0.000000  0.477121  0.000000
aja  0.000000  0.301030  0.477121
aje  0.000000  0.477121  0.000000
ajo  0.698970  0.000000  0.301030
ala  0.903090  0.954243  1.041393
alb  0.000000  0.301030  0.000000
alc  0.000000  0.000000  0.301030
ald  0.000000  0.845098  0.000000
ale  1.041393  0.778151  0.954243
alg  0.778151  0.477121  0.301030
ali  0.602060  0.778151  0.698970
all  0.845098  0.602060  0.301030
alm  0.000000  0.477121  0.301030
alo  0.477121  0.602060  0.477121
alp  0.301030  0.000000  0.000000
alq  0.000000  0.301030  0.301030
als  0.477121  0.301030  0.000000
alt  0.477121  0.000000  0.000000
alu  0.301030  0.000000  0.477121
alv  0.301030  0.301030  0.000000
aly  0.602060  0.000000  0.000000
ama  0.845098  0.698970  0.477121
amb  0.301030  0.000000  0.477121
ame  0.477121  0.698970  0.301030
ami  0.602060  0.477121  0.477121
amm  0.301030  0.000000  0.000000
amo  0.477121  0.698970  0.000000
amp  0.477121  0.477121  0.000000
ams  0.477121  0.000000  0.000000
amu  0.000000  0.301030  0.000000
ana  0.954243  0.602060  0.477121
anb  0.477121  0.000000  0.301030
anc  0.778151  0.477121  0.477121
and  0.602060  0.602060  0.477121
ane  0.602060  0.301030  0.602060
ang  0.000000  0.301030  0.301030
ani  0.301030  0.301030  0.301030
anl  0.477121  0.602060  0.000000
anm  0.000000  0.477121  0.000000
ano  0.778151  0.903090  0.477121
anp  0.000000  0.000000  0.301030
anq  0.000000  0.477121  0.000000
ans  0.301030  0.477121  0.000000
ant  1.079181  0.698970  0.477121
anu  0.301030  0.301030  0.698970
any  0.477121  0.000000  0.000000
anz  0.301030  0.000000  0.000000
aoa  0.477121  0.000000  0.000000
aoe  0.301030  0.000000  0.301030
aon  0.000000  0.301030  0.000000
aop  0.000000  0.000000  0.301030
aos  0.301030  0.301030  0.000000
apa  0.602060  0.477121  0.845098
ape  0.301030  0.477121  0.000000
api  0.301030  0.000000  0.301030
apl  0.000000  0.000000  0.301030
apo  0.000000  0.301030  0.602060
apr  0.602060  0.602060  0.954243
apt  0.000000  0.301030  0.000000
apu  0.477121  0.000000  0.000000
aqu  0.845098  0.477121  1.000000
ara  0.954243  0.845098  0.954243
arb  0.301030  0.301030  0.698970
arc  0.301030  0.301030  0.000000
ard  0.301030  0.000000  0.477121
are  1.041393  0.778151  0.778151
arf  0.000000  0.301030  0.000000
arg  0.477121  0.301030  0.954243
ari  0.301030  0.778151  0.477121
arl  0.477121  0.778151  0.602060
arm  0.000000  0.301030  0.301030
arn  0.000000  0.000000  0.301030
aro  0.477121  0.477121  0.000000
arp  0.000000  0.000000  0.301030
arq  0.000000  0.301030  0.000000
arr  0.301030  0.477121  0.301030
ars  0.000000  0.301030  0.477121
art  0.477121  0.477121  0.698970
aru  0.000000  0.000000  0.477121
ary  0.301030  0.000000  0.301030
arz  0.000000  0.301030  0.000000
asa  0.845098  0.477121  0.954243
asb  0.000000  0.000000  0.477121
asc  0.778151  0.477121  0.477121
asd  0.845098  0.698970  0.477121
ase  1.113943  0.698970  0.698970
asf  0.301030  0.301030  0.000000
asg  0.000000  0.301030  0.301030
ash  0.000000  0.000000  0.477121
asi  0.698970  0.477121  0.000000
asl  0.698970  0.000000  0.602060
asm  0.778151  0.000000  0.301030
asn  0.000000  0.477121  0.000000
aso  0.000000  0.698970  0.301030
asp  0.698970  0.602060  0.301030
asq  0.301030  0.000000  0.301030
asr  0.000000  0.301030  0.000000
ass  0.602060  0.477121  0.301030
ast  0.301030  0.477121  0.477121
asu  0.477121  0.477121  0.301030
asv  0.000000  0.000000  0.477121
asy  0.301030  0.477121  0.602060
ata  0.602060  0.477121  0.778151
ate  0.477121  0.301030  0.477121
ati  0.301030  0.301030  0.698970
ato  0.477121  0.778151  0.698970
atr  0.477121  0.301030  0.301030
att  0.301030  0.000000  0.000000
atu  0.000000  0.000000  0.301030
aul  0.477121  0.000000  0.000000
aun  0.602060  0.000000  0.000000
aus  0.000000  0.000000  0.301030
aux  0.301030  0.000000  0.000000
ava  0.000000  0.000000  0.301030
ave  0.698970  0.602060  0.301030
avi  0.000000  0.845098  0.000000
avo  0.000000  0.301030  0.301030
avs  0.000000  0.000000  0.301030
aya  0.000000  0.903090  0.301030
ayc  0.301030  0.000000  0.301030
ayd  0.000000  0.000000  0.477121
aye  0.301030  0.000000  0.602060
ayn  0.477121  0.000000  0.000000
ayo  0.477121  0.000000  0.000000
ayq  0.301030  0.000000  0.000000
ayr  0.000000  0.301030  0.000000
ays  0.000000  0.000000  0.301030
ayt  0.000000  0.000000  0.301030
azc  0.000000  0.000000  0.778151
azd  0.000000  0.301030  0.000000
azn  0.000000  0.301030  0.000000
azu  0.000000  0.301030  0.301030
bab  0.301030  0.000000  0.000000
bac  0.301030  0.301030  0.000000
bad  0.602060  0.301030  0.000000
bae  0.602060  0.000000  0.000000
baj  0.602060  0.301030  0.477121
bal  0.301030  0.000000  0.000000
bam  0.301030  0.301030  0.000000
ban  0.954243  0.301030  0.301030
bap  0.301030  0.301030  0.000000
bar  0.698970  0.000000  0.000000
bas  0.301030  0.301030  0.000000
bat  0.477121  0.000000  0.000000
bay  0.301030  0.301030  0.000000
beb  0.000000  0.000000  0.301030
bed  0.301030  0.000000  0.000000
bee  0.000000  0.000000  0.301030
bel  0.602060  0.477121  0.000000
ben  0.000000  0.301030  0.477121
ber  0.000000  0.698970  0.000000
bes  0.301030  0.000000  0.000000
bet  0.000000  0.000000  0.698970
bia  0.000000  0.477121  0.000000
bid  0.000000  0.000000  0.301030
bie  0.000000  0.000000  0.477121
big  0.000000  0.477121  0.000000
bin  0.301030  0.000000  0.477121
bio  0.477121  0.477121  0.301030
bir  0.301030  0.301030  0.000000
bje  0.301030  0.301030  0.000000
bla  0.301030  0.477121  0.301030
ble  0.000000  0.301030  0.698970
blo  0.301030  0.301030  0.000000
boc  0.301030  0.000000  0.000000
bog  0.000000  0.000000  0.301030
boh  0.000000  0.000000  0.477121
bol  0.000000  0.301030  0.000000
bon  0.301030  0.000000  0.301030
bor  0.000000  0.000000  0.301030
bos  0.301030  0.000000  0.000000
bra  0.477121  0.602060  0.301030
bre  0.477121  0.477121  0.301030
bri  0.301030  0.000000  0.000000
bro  0.477121  0.301030  0.000000
bti  0.000000  0.000000  0.602060
bue  0.602060  0.301030  0.477121
bui  0.000000  0.000000  0.301030
bul  0.301030  0.000000  0.000000
bus  0.000000  0.000000  0.301030
cab  0.903090  0.301030  0.000000
cac  0.301030  0.477121  0.000000
cad  0.602060  0.477121  0.477121
cae  0.301030  0.477121  0.000000
cal  0.477121  0.698970  0.000000
cam  0.477121  0.778151  0.301030
can  0.698970  0.000000  0.301030
cao  0.000000  0.301030  0.000000
cap  0.477121  0.477121  0.000000
caq  0.000000  0.000000  0.301030
car  0.698970  0.000000  1.000000
cas  0.602060  0.698970  0.477121
cat  0.301030  0.301030  0.301030
cau  0.301030  0.000000  0.301030
cav  0.000000  0.301030  0.000000
cay  0.477121  0.301030  0.000000
cci  0.602060  0.000000  0.477121
cec  0.301030  0.000000  0.000000
ced  0.000000  0.000000  0.301030
ceg  0.000000  0.000000  0.301030
cel  0.301030  0.301030  0.301030
cen  0.301030  0.477121  0.602060
ceo  0.301030  0.000000  0.000000
cep  0.000000  0.477121  0.301030
cer  0.301030  0.301030  0.477121
ces  0.477121  0.000000  0.778151
cha  0.477121  0.477121  0.602060
che  0.000000  0.477121  0.000000
chi  0.477121  0.000000  0.000000
cho  0.301030  0.602060  0.477121
cia  0.301030  0.301030  0.477121
cid  0.000000  0.301030  0.301030
cie  0.698970  0.602060  0.778151
cil  0.301030  0.301030  0.000000
cin  0.602060  0.477121  0.903090
cio  0.602060  0.602060  0.477121
cip  0.477121  0.000000  0.602060
ciq  0.301030  0.000000  0.000000
cir  0.301030  0.000000  0.477121
cis  0.477121  0.000000  0.000000
cit  0.301030  0.000000  0.000000
cla  0.602060  0.000000  0.301030
clu  0.000000  0.000000  0.477121
cmi  0.000000  0.000000  0.301030
cmo  0.000000  0.000000  0.301030
coa  0.000000  0.000000  0.301030
cob  0.000000  0.301030  0.000000
coc  0.301030  0.000000  0.000000
coe  0.000000  0.301030  0.000000
coh  0.000000  0.000000  0.301030
col  0.000000  0.477121  0.000000
com  0.845098  0.477121  1.079181
con  1.204120  0.903090  0.903090
cop  0.000000  0.000000  0.301030
cor  0.778151  0.477121  0.000000
cos  0.477121  0.301030  1.000000
coy  0.000000  0.301030  0.000000
cpu  0.301030  0.000000  0.000000
cre  0.301030  0.301030  0.301030
cri  0.477121  0.845098  0.301030
cta  0.301030  0.000000  0.000000
cti  0.000000  0.301030  0.000000
cto  0.301030  0.000000  0.301030
ctu  0.000000  0.301030  0.301030
cua  0.903090  0.602060  0.477121
cuc  0.000000  0.000000  0.301030
cue  0.778151  0.477121  0.477121
cul  0.000000  0.301030  0.477121
cun  0.602060  0.000000  0.000000
cur  0.000000  0.477121  0.477121
daa  0.000000  0.000000  0.301030
dab  0.477121  0.000000  0.477121
dac  0.477121  0.301030  0.301030
dad  0.698970  0.903090  0.698970
dae  0.477121  0.301030  0.301030
dai  0.000000  0.000000  0.301030
daj  0.301030  0.000000  0.000000
dal  0.000000  0.000000  0.301030
dan  0.602060  0.477121  0.000000
dao  0.301030  0.000000  0.000000
dap  0.000000  0.000000  0.477121
das  0.477121  0.301030  0.778151
dav  0.000000  0.301030  0.000000
day  0.000000  0.301030  0.301030
dce  0.000000  0.301030  0.000000
dde  0.301030  0.477121  0.477121
ddi  0.301030  0.000000  0.000000
dea  0.477121  0.000000  0.903090
deb  0.000000  0.778151  0.477121
dec  0.602060  0.477121  0.778151
ded  0.000000  0.301030  0.301030
dee  0.000000  0.301030  0.845098
def  0.301030  0.000000  0.301030
dei  0.000000  0.000000  0.477121
dej  0.301030  0.000000  0.477121
del  1.255273  0.903090  0.845098
dem  0.778151  0.301030  0.602060
den  0.698970  0.602060  0.301030
deo  0.301030  0.000000  0.000000
dep  0.477121  0.301030  0.845098
deq  0.000000  0.000000  0.301030
der  0.602060  0.778151  0.301030
des  0.698970  1.041393  0.698970
det  0.000000  0.778151  0.477121
deu  0.000000  0.602060  0.602060
dev  0.477121  0.477121  0.301030
dey  0.301030  0.301030  0.000000
dhe  0.000000  0.301030  0.000000
dia  0.602060  0.000000  0.903090
dic  0.301030  0.477121  0.602060
did  0.000000  0.301030  0.000000
die  0.602060  0.000000  0.903090
dif  0.000000  0.301030  0.000000
dij  0.477121  0.301030  0.000000
dil  0.000000  0.301030  0.000000
dir  0.301030  0.000000  0.477121
dis  0.301030  0.301030  0.698970
dit  0.000000  0.301030  0.000000
div  0.000000  0.301030  0.000000
dmi  0.000000  0.301030  0.000000
doa  0.000000  0.477121  0.477121
doc  0.301030  0.477121  0.301030
dod  0.301030  0.477121  0.301030
doe  0.477121  0.477121  0.301030
dol  0.602060  0.698970  0.301030
dom  0.301030  0.602060  0.000000
don  0.477121  0.602060  0.000000
dop  0.477121  0.301030  0.477121
doq  0.301030  0.301030  0.000000
dor  0.000000  0.301030  0.000000
dos  1.041393  0.845098  0.602060
dot  0.301030  0.000000  0.000000
dou  0.301030  0.000000  0.301030
dqu  0.301030  0.000000  0.000000
dra  0.000000  0.301030  0.602060
dre  0.845098  0.000000  0.000000
dst  0.000000  0.000000  0.301030
duc  0.477121  0.000000  0.602060
dul  0.000000  0.000000  0.477121
dun  0.000000  0.301030  0.000000
dur  0.301030  0.301030  0.000000
dyp  0.000000  0.000000  0.301030
eab  0.301030  0.301030  0.000000
eac  0.602060  0.000000  0.000000
ead  0.477121  0.477121  0.000000
eae  0.301030  0.000000  0.000000
eah  0.301030  0.301030  0.000000
eal  0.000000  0.778151  0.698970
eam  0.000000  0.301030  0.301030
ean  0.000000  0.301030  0.000000
eao  0.301030  0.000000  0.000000
eap  0.301030  0.000000  0.301030
eaq  0.301030  0.000000  0.000000
ear  0.000000  0.000000  0.602060
eas  0.000000  0.301030  0.477121
eat  0.477121  0.000000  0.000000
eay  0.301030  0.000000  0.000000
eaz  0.000000  0.000000  0.301030
ebe  0.000000  0.000000  0.477121
ebi  0.000000  0.301030  0.301030
ebl  0.301030  0.477121  0.000000
ebr  0.000000  0.602060  0.000000
ebu  0.000000  0.301030  0.301030
eca  0.602060  0.778151  0.301030
ecc  0.602060  0.000000  0.000000
ece  0.477121  0.477121  0.698970
ech  0.000000  0.301030  0.000000
eci  0.845098  0.301030  0.477121
ecl  0.477121  0.000000  0.000000
eco  0.477121  0.477121  0.698970
ect  0.477121  0.000000  0.301030
ecu  0.477121  0.301030  0.301030
eda  0.000000  0.301030  0.602060
ede  0.903090  0.301030  1.079181
edi  0.477121  0.602060  0.301030
edo  0.000000  0.602060  0.000000
edr  0.000000  0.301030  0.000000
eej  0.000000  0.301030  0.301030
eel  0.698970  0.602060  0.903090
een  0.477121  0.698970  0.301030
eer  0.301030  0.000000  0.000000
ees  0.477121  0.698970  0.903090
eex  0.000000  0.000000  0.477121
efe  0.301030  0.000000  0.000000
efi  0.000000  0.301030  0.301030
efr  0.000000  0.000000  0.477121
efu  0.301030  0.000000  0.477121
ega  0.301030  0.000000  0.477121
ege  0.000000  0.000000  0.477121
egi  0.000000  0.477121  0.000000
egl  0.000000  0.000000  0.301030
ego  0.000000  0.301030  0.000000
egr  0.301030  0.000000  0.477121
egu  0.477121  0.301030  0.000000
eha  0.602060  0.301030  0.301030
ehi  0.301030  0.000000  0.000000
eib  0.301030  0.000000  0.000000
eig  0.000000  0.477121  0.000000
ein  0.301030  0.000000  0.602060
eit  0.000000  0.301030  0.000000
eja  0.301030  0.000000  0.477121
eje  0.000000  0.602060  0.301030
ejo  0.000000  0.301030  0.477121
ela  1.301030  1.000000  1.000000
elb  0.301030  0.000000  0.477121
elc  0.778151  0.000000  0.477121
eld  0.477121  0.301030  0.301030
ele  0.477121  0.477121  0.301030
elg  0.477121  0.000000  0.000000
elh  0.301030  0.000000  0.000000
eli  0.000000  0.301030  0.000000
ell  0.954243  0.778151  0.301030
elm  0.477121  0.301030  0.301030
eln  0.000000  0.000000  0.301030
elo  0.301030  0.602060  0.845098
elp  0.845098  0.301030  0.477121
elr  0.000000  0.477121  0.000000
els  0.000000  0.301030  0.602060
elt  0.477121  0.778151  0.698970
elv  0.477121  0.301030  0.000000
ema  0.602060  0.301030  0.602060
emb  0.477121  0.301030  0.000000
eme  0.845098  0.602060  0.301030
emi  0.698970  0.301030  0.000000
emo  0.301030  0.301030  0.000000
emp  0.698970  0.602060  0.602060
ems  0.000000  0.000000  0.301030
emt  0.000000  0.000000  0.301030
emu  0.301030  0.000000  0.301030
emx  0.000000  0.301030  0.000000
ena  0.903090  0.602060  0.778151
enc  0.778151  0.602060  0.602060
end  0.698970  0.845098  1.000000
ene  0.845098  0.903090  1.079181
enf  0.000000  0.000000  0.477121
eng  0.301030  0.477121  0.301030
eni  0.000000  0.301030  0.000000
enl  0.778151  0.477121  0.477121
enm  0.301030  0.000000  0.301030
eno  0.698970  0.602060  0.301030
enp  0.000000  0.301030  0.477121
enq  0.000000  0.301030  0.000000
enr  0.602060  0.000000  0.301030
ens  0.602060  0.602060  0.301030
ent  1.278754  1.255273  1.462398
enu  0.301030  0.000000  0.602060
eny  0.000000  0.000000  0.301030
eod  0.301030  0.301030  0.000000
eol  0.301030  0.000000  0.000000
eon  0.000000  0.000000  0.301030
eor  0.301030  0.000000  0.000000
eos  0.000000  0.301030  0.301030
eot  0.301030  0.000000  0.000000
epa  0.845098  0.301030  0.301030
epe  0.301030  0.301030  0.698970
epi  0.000000  0.301030  0.000000
epo  0.301030  0.301030  0.602060
epr  0.000000  0.477121  0.698970
ept  0.000000  0.477121  0.000000
epu  0.301030  0.000000  0.301030
equ  0.602060  0.477121  0.602060
era  1.204120  1.176091  0.778151
erb  0.301030  0.000000  0.301030
erc  0.602060  0.301030  0.301030
erd  0.698970  0.301030  0.000000
ere  0.602060  0.477121  0.903090
erg  0.000000  0.000000  0.301030
eri  0.602060  0.698970  0.602060
erl  0.301030  0.301030  0.301030
erm  0.301030  0.301030  0.602060
ern  0.301030  0.477121  0.000000
ero  1.041393  0.301030  0.602060
erp  0.301030  0.000000  0.301030
erq  0.301030  0.000000  0.000000
err  0.000000  0.301030  0.000000
ers  0.000000  0.698970  0.602060
ert  0.698970  0.602060  0.301030
erz  0.301030  0.301030  0.000000
esa  0.845098  0.301030  0.477121
esc  0.845098  1.000000  0.778151
esd  0.602060  0.602060  0.778151
ese  1.000000  0.778151  0.954243
esg  0.000000  0.000000  0.301030
esi  0.698970  0.301030  0.903090
esl  0.000000  0.477121  0.477121
esm  0.602060  0.698970  0.301030
esn  0.000000  0.477121  0.000000
eso  0.778151  0.477121  0.301030
esp  0.845098  0.778151  0.698970
esq  0.602060  0.000000  0.477121
esr  0.602060  0.301030  0.301030
ess  0.301030  0.602060  0.000000
est  1.301030  1.113943  1.146128
esu  0.301030  0.477121  0.602060
esv  0.000000  0.301030  0.000000
esy  0.602060  0.698970  0.477121
eta  0.000000  0.000000  0.903090
ete  0.602060  0.845098  1.000000
eti  0.000000  0.301030  0.602060
eto  0.477121  0.000000  0.301030
etr  0.301030  0.698970  0.000000
ett  0.301030  0.000000  0.000000
etv  0.301030  0.000000  0.000000
eun  0.477121  0.698970  0.602060
eva  0.301030  0.477121  0.301030
eve  0.602060  0.000000  0.477121
evi  0.000000  0.301030  0.778151
evo  0.477121  0.301030  0.000000
exa  0.000000  0.301030  0.000000
exc  0.000000  0.301030  0.000000
exi  0.000000  0.301030  0.000000
exm  0.301030  0.000000  0.000000
exp  0.000000  0.000000  0.903090
ext  0.000000  0.778151  0.845098
eya  0.477121  0.477121  0.000000
eye  0.000000  0.477121  0.000000
eza  0.000000  0.301030  0.000000
ezc  0.301030  0.000000  0.301030
ezd  0.000000  0.301030  0.000000
eze  0.000000  0.301030  0.477121
ezp  0.301030  0.000000  0.000000
ezq  0.000000  0.301030  0.000000
ezs  0.301030  0.000000  0.000000
ezv  0.000000  0.301030  0.000000
fal  0.000000  0.301030  0.000000
fat  0.301030  0.000000  0.000000
fav  0.000000  0.301030  0.301030
fci  0.000000  0.301030  0.000000
fei  0.000000  0.301030  0.000000
fen  0.301030  0.000000  0.000000
fer  0.000000  0.000000  0.301030
fes  0.602060  0.000000  0.000000
fic  0.301030  0.000000  0.301030
fij  0.301030  0.000000  0.000000
fin  0.301030  0.477121  0.477121
fir  0.000000  0.000000  0.301030
flo  0.000000  0.301030  0.000000
for  0.000000  0.301030  0.000000
fre  0.301030  0.301030  0.301030
fro  0.000000  0.301030  0.000000
fru  0.000000  0.000000  0.477121
fue  0.477121  0.477121  0.301030
fun  0.000000  0.301030  0.000000
fut  0.000000  0.000000  0.477121
gad  0.301030  0.000000  0.000000
gae  0.000000  0.000000  0.301030
gal  0.000000  0.301030  0.301030
gan  0.301030  0.301030  0.477121
gap  0.000000  0.000000  0.301030
gaq  0.000000  0.000000  0.301030
gar  0.477121  0.301030  0.301030
gas  0.301030  0.301030  0.301030
gbe  0.000000  0.301030  0.000000
gen  0.477121  0.301030  0.000000
ges  0.000000  0.301030  0.000000
get  0.000000  0.000000  0.477121
gia  0.301030  0.000000  0.000000
gin  0.000000  0.477121  0.000000
gli  0.000000  0.000000  0.301030
glu  0.000000  0.000000  0.477121
gnc  0.000000  0.301030  0.000000
gno  0.000000  0.602060  0.000000
goa  0.301030  0.000000  0.000000
god  0.000000  0.477121  0.000000
goe  0.301030  0.000000  0.000000
gol  0.301030  0.000000  0.000000
gor  0.301030  0.000000  0.000000
got  0.000000  0.301030  0.000000
goy  0.000000  0.000000  0.301030
gra  0.477121  0.000000  0.602060
gre  0.000000  0.698970  0.602060
gri  0.301030  0.000000  0.000000
gua  0.301030  0.477121  0.301030
gue  0.301030  0.301030  0.000000
gui  0.000000  0.000000  0.477121
gum  0.000000  0.000000  0.954243
gun  0.903090  0.477121  0.301030
guo  0.602060  0.000000  0.000000
gus  0.301030  0.000000  0.000000
haa  0.000000  0.301030  0.301030
hab  0.698970  0.602060  0.000000
hac  0.301030  0.000000  0.000000
hag  0.301030  0.000000  0.000000
hap  0.000000  0.301030  0.000000
har  0.000000  0.000000  0.301030
has  0.000000  0.301030  0.477121
hat  0.000000  0.000000  0.301030
hay  0.000000  0.000000  0.301030
hea  0.301030  0.000000  0.000000
her  0.301030  0.477121  0.301030
hes  0.000000  0.477121  0.000000
hic  0.477121  0.000000  0.000000
hid  0.000000  0.000000  0.477121
hij  0.301030  0.000000  0.000000
hiq  0.301030  0.000000  0.000000
hom  0.301030  0.301030  0.000000
hon  0.000000  0.301030  0.000000
hop  0.000000  0.000000  0.301030
hor  0.602060  0.477121  0.301030
hos  0.301030  0.301030  0.301030
hpe  0.000000  0.301030  0.000000
hum  0.000000  0.602060  0.000000
iab  0.301030  0.000000  0.903090
iad  0.698970  0.301030  0.477121
ial  0.602060  0.602060  0.301030
iam  0.301030  0.000000  0.000000
ian  0.477121  0.000000  0.000000
iaq  0.000000  0.000000  0.301030
iar  0.477121  0.301030  0.000000
ias  0.301030  0.301030  0.000000
iav  0.000000  0.301030  0.000000
iay  0.000000  0.301030  0.301030
iba  0.477121  0.000000  0.000000
ibe  0.000000  0.698970  0.301030
ibi  0.301030  0.602060  0.000000
ibl  0.000000  0.301030  0.301030
ibr  0.477121  0.000000  0.000000
ibu  0.000000  0.000000  0.301030
ica  0.000000  0.845098  0.602060
ice  0.301030  0.000000  0.301030
ich  0.000000  0.000000  0.301030
ici  0.698970  0.602060  0.698970
icm  0.000000  0.000000  0.301030
ico  0.477121  0.602060  0.954243
icu  0.000000  0.301030  0.000000
ida  0.477121  0.698970  0.845098
ide  0.000000  0.301030  0.602060
idi  0.301030  0.000000  0.000000
ido  0.301030  0.698970  0.000000
idr  0.000000  0.000000  0.477121
iec  0.301030  0.000000  0.000000
ied  0.000000  0.301030  0.602060
iel  0.000000  0.000000  0.301030
iem  0.602060  0.301030  0.477121
ien  0.778151  0.698970  1.255273
ier  0.778151  0.477121  0.477121
ies  0.000000  0.301030  0.477121
iet  0.477121  0.000000  0.845098
iez  0.301030  0.000000  0.000000
ifc  0.000000  0.301030  0.000000
iga  0.301030  0.000000  0.301030
igb  0.000000  0.301030  0.000000
ign  0.000000  0.602060  0.000000
igo  0.000000  0.301030  0.000000
igr  0.000000  0.698970  0.000000
igu  0.698970  0.301030  0.477121
ihe  0.301030  0.000000  0.000000
ija  0.301030  0.301030  0.000000
ijo  0.602060  0.301030  0.000000
ila  0.301030  0.477121  0.301030
ile  0.000000  0.301030  0.000000
ili  0.301030  0.000000  0.000000
ill  0.477121  0.301030  0.000000
ima  0.602060  0.301030  0.000000
ime  0.778151  0.000000  0.602060
imn  0.000000  0.301030  0.000000
imo  0.301030  0.000000  0.000000
imp  0.301030  0.301030  0.477121
imu  0.000000  0.477121  0.000000
ina  0.477121  0.477121  1.000000
inb  0.477121  0.000000  0.000000
inc  0.698970  0.000000  0.698970
ind  0.301030  0.477121  0.477121
ine  0.477121  0.301030  0.477121
ing  0.000000  0.301030  0.000000
inl  0.000000  0.301030  0.301030
inm  0.000000  0.698970  0.000000
inn  0.000000  0.301030  0.000000
ino  0.000000  0.301030  0.301030
inp  0.000000  0.477121  0.000000
ins  0.301030  0.477121  0.698970
int  0.301030  0.301030  0.602060
inu  0.000000  0.000000  0.477121
iny  0.000000  0.000000  0.301030
ioc  0.301030  0.000000  0.000000
iod  0.301030  0.000000  0.477121
ioe  0.000000  0.301030  0.000000
ioh  0.000000  0.301030  0.000000
ion  0.602060  0.602060  0.477121
ioq  0.301030  0.000000  0.000000
ior  0.698970  0.301030  0.000000
ios  0.301030  0.602060  0.000000
iot  0.000000  0.301030  0.000000
iov  0.301030  0.000000  0.000000
ipa  0.698970  0.000000  0.301030
ipc  0.000000  0.301030  0.000000
ipl  0.000000  0.000000  0.477121
ipo  0.000000  0.000000  0.301030
ipr  0.301030  0.000000  0.000000
ipt  0.000000  0.698970  0.000000
iqu  0.954243  0.000000  0.000000
ira  0.602060  0.301030  0.477121
irc  0.477121  0.000000  0.000000
ire  0.301030  0.477121  0.477121
irl  0.000000  0.301030  0.000000
irm  0.301030  0.000000  0.477121
irn  0.000000  0.301030  0.000000
iro  0.000000  0.000000  0.301030
irp  0.000000  0.000000  0.301030
irs  0.000000  0.301030  0.301030
iry  0.301030  0.301030  0.000000
isa  0.000000  0.301030  0.000000
isc  0.301030  0.000000  0.602060
ise  0.477121  0.000000  0.000000
isi  0.602060  0.698970  0.000000
ism  0.477121  0.301030  0.477121
iso  0.698970  0.301030  0.000000
ist  0.477121  0.602060  0.602060
isu  0.000000  0.301030  0.000000
isy  0.000000  0.000000  0.301030
ita  0.000000  0.301030  0.698970
ite  0.000000  0.845098  0.301030
iti  0.301030  0.477121  0.000000
itn  0.477121  0.000000  0.000000
ito  0.477121  0.602060  0.000000
itu  0.000000  0.301030  0.000000
iva  0.000000  0.301030  0.477121
ive  0.000000  0.000000  0.301030
ivi  0.000000  0.301030  0.000000
ivo  0.000000  0.778151  0.602060
iza  0.000000  0.477121  0.000000
izl  0.000000  0.000000  0.301030
izo  0.301030  0.000000  0.000000
jab  0.301030  0.000000  0.000000
jad  0.000000  0.000000  0.301030
jae  0.000000  0.000000  0.301030
jam  0.301030  0.000000  0.000000
jar  0.000000  0.301030  0.301030
jas  0.000000  0.301030  0.301030
jee  0.000000  0.301030  0.000000
jem  0.000000  0.602060  0.301030
jer  0.301030  0.301030  0.000000
jet  0.301030  0.301030  0.000000
jic  0.000000  0.301030  0.000000
jit  0.000000  0.301030  0.000000
joc  0.477121  0.000000  0.000000
jod  0.301030  0.000000  0.000000
jon  0.301030  0.000000  0.301030
jop  0.000000  0.301030  0.000000
jor  0.000000  0.301030  0.477121
jos  0.477121  0.000000  0.000000
jov  0.301030  0.000000  0.000000
jun  0.301030  0.000000  0.000000
laa  0.301030  0.301030  0.477121
lab  0.477121  0.000000  0.301030
lac  0.602060  0.000000  0.602060
lad  0.301030  0.477121  0.954243
lae  0.602060  0.477121  0.477121
laf  0.477121  0.602060  0.301030
lag  0.301030  0.000000  0.477121
lah  0.301030  0.301030  0.301030
lai  0.000000  0.301030  0.301030
lal  0.000000  0.602060  0.000000
lam  0.778151  0.602060  0.301030
lan  0.301030  0.903090  0.602060
lao  0.301030  0.000000  0.301030
lap  0.698970  0.301030  0.778151
laq  0.301030  0.000000  0.301030
lar  0.301030  0.698970  0.000000
las  1.322219  1.041393  0.903090
lat  0.301030  0.301030  0.301030
lau  0.477121  0.000000  0.000000
lav  0.301030  0.602060  0.301030
lay  0.301030  0.000000  0.000000
laz  0.000000  0.301030  0.477121
lba  0.000000  0.301030  0.301030
lbe  0.301030  0.000000  0.000000
lbu  0.000000  0.000000  0.301030
lca  0.698970  0.000000  0.301030
lce  0.000000  0.000000  0.477121
lco  0.301030  0.000000  0.301030
lcu  0.301030  0.000000  0.301030
lde  0.301030  0.698970  0.301030
ldi  0.301030  0.000000  0.000000
ldo  0.000000  0.602060  0.000000
lea  0.000000  0.477121  0.000000
lec  0.301030  0.000000  0.301030
led  0.000000  0.000000  0.301030
lee  0.301030  0.301030  0.301030
leg  0.477121  0.000000  0.000000
leh  0.301030  0.000000  0.000000
lel  0.477121  0.000000  0.000000
lem  0.301030  0.301030  0.301030
len  0.698970  0.602060  0.301030
lep  0.000000  0.301030  0.301030
ler  0.477121  0.000000  0.000000
les  0.845098  1.079181  0.903090
lev  0.301030  0.301030  0.301030
lez  0.000000  0.301030  0.000000
lge  0.301030  0.000000  0.000000
lgi  0.301030  0.000000  0.000000
lgn  0.000000  0.301030  0.000000
lgr  0.301030  0.000000  0.000000
lgu  0.698970  0.301030  0.301030
lho  0.301030  0.000000  0.000000
lia  0.301030  0.000000  0.301030
lib  0.477121  0.477121  0.000000
lic  0.000000  0.301030  0.698970
lid  0.301030  0.301030  0.301030
lie  0.000000  0.301030  0.000000
lig  0.000000  0.000000  0.301030
lim  0.000000  0.301030  0.477121
lin  0.000000  0.000000  0.778151
lir  0.477121  0.000000  0.000000
lit  0.000000  0.602060  0.000000
liz  0.000000  0.477121  0.000000
lla  0.698970  0.477121  0.000000
llc  0.301030  0.000000  0.000000
lle  0.845098  0.845098  0.301030
lll  0.301030  0.000000  0.000000
llo  0.903090  0.301030  0.301030
llu  0.000000  0.301030  0.000000
lma  0.301030  0.000000  0.000000
lme  0.000000  0.301030  0.477121
lmi  0.301030  0.000000  0.000000
lmp  0.000000  0.301030  0.000000
lmu  0.000000  0.301030  0.000000
lni  0.000000  0.000000  0.301030
loa  0.301030  0.000000  0.000000
loc  0.301030  0.301030  0.000000
lod  0.000000  0.602060  0.000000
loe  0.301030  0.301030  0.000000
log  0.301030  0.000000  0.301030
loi  0.000000  0.301030  0.301030
lol  0.000000  0.477121  0.000000
lon  0.301030  0.000000  0.000000
loo  0.301030  0.301030  0.000000
lop  0.000000  0.000000  0.477121
loq  0.301030  0.000000  0.301030
lor  0.477121  0.477121  0.301030
los  1.146128  1.079181  1.113943
lot  0.000000  0.301030  0.000000
loy  0.301030  0.000000  0.000000
lpa  0.000000  0.301030  0.301030
lpe  0.301030  0.000000  0.000000
lpi  0.698970  0.000000  0.000000
lpn  0.000000  0.000000  0.301030
lpr  0.602060  0.000000  0.000000
lpu  0.301030  0.000000  0.000000
lqu  0.000000  0.301030  0.301030
lre  0.000000  0.477121  0.000000
lsa  0.301030  0.000000  0.301030
lsi  0.301030  0.000000  0.301030
lso  0.000000  0.301030  0.000000
lst  0.000000  0.000000  0.301030
lsu  0.000000  0.301030  0.000000
lta  0.301030  0.000000  0.301030
lte  0.301030  0.602060  0.477121
lti  0.000000  0.477121  0.301030
lto  0.477121  0.000000  0.301030
ltr  0.000000  0.000000  0.301030
luc  0.000000  0.000000  0.477121
lud  0.301030  0.000000  0.477121
lue  0.000000  0.301030  0.000000
lug  0.000000  0.301030  0.000000
lui  0.000000  0.000000  0.477121
lum  0.301030  0.000000  0.000000
lva  0.477121  0.301030  0.000000
lve  0.698970  0.301030  0.000000
lvi  0.301030  0.000000  0.000000
lvl  0.301030  0.000000  0.000000
lyn  0.301030  0.000000  0.000000
lyo  0.477121  0.000000  0.000000
maa  0.301030  0.000000  0.000000
mad  0.698970  0.000000  0.000000
mae  0.903090  0.000000  0.301030
mag  0.000000  0.301030  0.000000
mah  0.301030  0.000000  0.000000
mal  0.301030  0.602060  0.301030
mam  0.301030  0.000000  0.000000
man  0.602060  0.698970  0.602060
map  0.000000  0.000000  0.301030
mar  0.477121  0.477121  0.000000
mas  0.698970  0.301030  0.000000
mat  0.000000  0.301030  0.000000
may  0.000000  0.301030  0.000000
mba  0.301030  0.000000  0.000000
mbi  0.301030  0.000000  0.602060
mbo  0.301030  0.000000  0.000000
mbr  0.301030  0.477121  0.000000
mea  0.477121  0.000000  0.000000
med  0.477121  0.602060  0.301030
mee  0.301030  0.000000  0.000000
meh  0.477121  0.000000  0.000000
mej  0.000000  0.301030  0.477121
mel  0.301030  0.301030  0.301030
mem  0.301030  0.000000  0.301030
men  0.778151  0.903090  1.146128
mep  0.477121  0.000000  0.000000
mer  0.778151  0.000000  0.602060
mes  0.602060  0.000000  0.000000
met  0.301030  0.000000  0.000000
mez  0.000000  0.301030  0.000000
mia  0.477121  0.000000  0.000000
mic  0.000000  0.000000  0.301030
mid  0.000000  0.000000  0.602060
mie  0.000000  0.301030  0.602060
mig  0.301030  0.000000  0.000000
mih  0.301030  0.000000  0.000000
mim  0.477121  0.000000  0.000000
min  0.000000  0.477121  0.477121
mio  0.301030  0.000000  0.000000
mip  0.301030  0.000000  0.000000
mir  0.477121  0.301030  0.301030
mis  0.477121  0.301030  0.000000
mit  0.000000  0.477121  0.301030
mme  0.301030  0.000000  0.000000
mnd  0.000000  0.301030  0.000000
mod  0.000000  0.000000  0.301030
moe  0.477121  0.000000  0.301030
mol  0.301030  0.000000  0.477121
mom  0.301030  0.000000  0.000000
mon  0.301030  0.602060  0.477121
mop  0.301030  0.000000  0.000000
mor  0.301030  0.778151  0.000000
mos  0.778151  0.778151  0.301030
mou  0.301030  0.000000  0.000000
mpa  0.477121  0.477121  0.000000
mpe  0.301030  0.301030  0.000000
mpl  0.000000  0.602060  0.477121
mpo  0.477121  0.301030  0.602060
mpr  0.602060  0.000000  0.301030
mpt  0.301030  0.000000  0.000000
msa  0.301030  0.000000  0.000000
msb  0.000000  0.000000  0.301030
msc  0.477121  0.000000  0.000000
msd  0.000000  0.000000  0.301030
msg  0.301030  0.000000  0.000000
msn  0.000000  0.000000  0.301030
msq  0.000000  0.301030  0.000000
mst  0.000000  0.477121  0.000000
mti  0.000000  0.000000  0.301030
muc  0.301030  0.000000  0.477121
mue  0.000000  0.301030  0.301030
muj  0.301030  0.301030  0.000000
mul  0.000000  0.477121  0.000000
mun  0.301030  0.000000  0.000000
muy  0.000000  0.301030  0.301030
mxi  0.000000  0.477121  0.000000
naa  0.477121  0.301030  0.000000
nab  0.301030  0.301030  0.301030
nac  0.000000  0.301030  0.000000
nad  0.477121  0.698970  0.698970
nae  0.477121  0.301030  0.477121
nah  0.301030  0.301030  0.000000
nai  0.000000  0.301030  0.477121
naj  0.000000  0.301030  0.000000
nal  0.778151  0.698970  0.698970
nam  0.301030  0.000000  0.301030
nan  0.477121  0.301030  0.301030
nap  0.000000  0.477121  0.602060
naq  0.000000  0.000000  0.477121
nar  0.000000  0.301030  0.477121
nas  0.778151  0.000000  0.903090
nat  0.301030  0.000000  0.698970
nau  0.301030  0.000000  0.000000
nav  0.301030  0.301030  0.301030
nay  0.000000  0.477121  0.000000
naz  0.000000  0.000000  0.301030
nba  0.477121  0.000000  0.301030
nbu  0.477121  0.000000  0.000000
nca  0.698970  0.000000  0.477121
nce  0.477121  0.301030  0.301030
nch  0.301030  0.477121  0.000000
nci  0.602060  0.301030  0.477121
ncl  0.000000  0.000000  0.477121
nco  0.778151  0.698970  0.477121
ncr  0.301030  0.000000  0.301030
ncu  0.477121  0.602060  0.301030
nda  0.698970  0.000000  0.477121
ndc  0.000000  0.301030  0.000000
nde  0.698970  0.845098  0.845098
ndi  0.301030  0.477121  0.698970
ndo  0.903090  0.698970  0.477121
ndr  0.000000  0.000000  0.301030
nea  0.000000  0.301030  0.301030
nec  0.301030  0.000000  0.301030
ned  0.000000  0.301030  0.000000
nel  0.845098  0.602060  0.477121
nem  0.301030  0.000000  0.000000
nen  0.301030  0.000000  0.778151
ner  0.301030  0.000000  0.845098
nes  0.778151  0.845098  0.698970
neu  0.301030  0.000000  0.000000
nev  0.000000  0.000000  0.301030
nex  0.000000  0.000000  0.301030
nez  0.000000  0.301030  0.000000
nfe  0.000000  0.000000  0.301030
nfr  0.000000  0.301030  0.301030
nga  0.000000  0.477121  0.301030
nge  0.000000  0.301030  0.000000
ngo  0.477121  0.000000  0.000000
ngr  0.000000  0.000000  0.301030
ngu  0.000000  0.477121  0.000000
nic  0.301030  0.301030  0.000000
nie  0.301030  0.000000  0.000000
nil  0.000000  0.301030  0.000000
nim  0.301030  0.000000  0.000000
nin  0.000000  0.602060  0.000000
nio  0.301030  0.000000  0.000000
nis  0.301030  0.477121  0.477121
nit  0.301030  0.000000  0.000000
niv  0.000000  0.000000  0.301030
nla  0.845098  0.903090  0.602060
nli  0.000000  0.301030  0.000000
nll  0.301030  0.000000  0.000000
nlo  0.477121  0.000000  0.477121
nma  0.301030  0.000000  0.000000
nme  0.000000  0.301030  0.000000
nmo  0.000000  0.698970  0.000000
nms  0.000000  0.301030  0.000000
nmu  0.000000  0.000000  0.301030
nni  0.301030  0.000000  0.000000
nno  0.477121  0.301030  0.000000
noa  0.000000  0.301030  0.000000
noc  0.000000  0.301030  0.000000
nod  0.301030  0.301030  0.477121
noe  0.301030  0.602060  0.000000
noh  0.000000  0.301030  0.000000
nol  0.000000  0.477121  0.301030
nom  0.477121  0.000000  0.000000
nop  0.000000  0.301030  0.477121
noq  0.477121  0.000000  0.301030
nor  0.000000  0.602060  0.301030
nos  1.079181  0.954243  0.000000
not  0.301030  0.000000  0.301030
nov  0.301030  0.000000  0.000000
noy  0.301030  0.000000  0.000000
npa  0.000000  0.477121  0.000000
npe  0.000000  0.602060  0.477121
npr  0.000000  0.301030  0.301030
nqu  0.477121  0.778151  0.000000
nre  0.301030  0.477121  0.000000
nri  0.602060  0.000000  0.301030
nru  0.301030  0.000000  0.000000
nsa  0.000000  0.301030  0.000000
nsc  0.301030  0.000000  0.000000
nse  0.000000  0.477121  0.301030
nsm  0.000000  0.477121  0.000000
nst  0.000000  0.301030  0.000000
nsu  0.903090  0.301030  0.845098
nsv  0.000000  0.301030  0.000000
nta  0.954243  0.778151  1.079181
nte  1.000000  1.041393  1.113943
ntf  0.000000  0.000000  0.301030
nti  0.602060  0.602060  0.477121
nto  0.954243  0.778151  1.000000
ntr  1.000000  0.845098  0.698970
ntu  0.301030  0.301030  0.000000
nua  0.000000  0.000000  0.301030
nue  0.477121  0.477121  0.000000
nun  0.301030  0.000000  0.845098
nus  0.000000  0.000000  0.301030
nut  0.000000  0.000000  0.301030
nuy  0.000000  0.000000  0.301030
nya  0.301030  0.000000  0.000000
nyd  0.000000  0.000000  0.477121
nyv  0.301030  0.000000  0.000000
nza  0.301030  0.000000  0.000000
oaa  0.000000  0.477121  0.000000
oab  0.000000  0.000000  0.301030
oad  0.000000  0.000000  0.477121
oag  0.000000  0.000000  0.301030
oal  0.698970  0.000000  0.301030
oan  0.301030  0.000000  0.000000
oap  0.000000  0.000000  0.301030
oaq  0.477121  0.000000  0.000000
oar  0.000000  0.000000  0.698970
oas  0.000000  0.301030  0.000000
oat  0.000000  0.000000  0.301030
oba  0.301030  0.000000  0.000000
obj  0.301030  0.000000  0.000000
obl  0.000000  0.000000  0.301030
obr  0.477121  0.301030  0.000000
oca  0.698970  0.845098  0.000000
oce  0.301030  0.000000  0.602060
och  0.000000  0.301030  0.000000
oci  0.000000  0.301030  0.000000
ocm  0.000000  0.000000  0.301030
oco  0.778151  0.301030  0.602060
ocu  0.301030  0.301030  0.301030
oda  0.301030  0.301030  0.301030
ode  0.903090  1.146128  1.000000
odi  0.301030  0.301030  0.301030
odo  0.698970  0.477121  0.477121
ods  0.000000  0.000000  0.301030
odu  0.602060  0.000000  0.602060
oei  0.301030  0.000000  0.000000
oel  0.698970  0.698970  0.477121
oen  0.845098  0.301030  0.000000
oes  0.301030  0.698970  0.602060
oex  0.000000  0.301030  0.301030
ofe  0.602060  0.000000  0.000000
ofi  0.301030  0.000000  0.000000
oga  0.000000  0.000000  0.301030
ogr  0.301030  0.000000  0.301030
oha  0.301030  0.602060  0.000000
ohe  0.000000  0.000000  0.301030
ohi  0.000000  0.000000  0.477121
ohu  0.000000  0.301030  0.000000
oid  0.000000  0.000000  0.301030
oig  0.000000  0.301030  0.000000
oji  0.000000  0.301030  0.000000
ola  0.477121  0.602060  0.698970
ole  0.000000  0.477121  0.000000
oli  0.000000  0.698970  0.000000
olo  0.698970  0.903090  0.477121
olp  0.301030  0.000000  0.000000
olt  0.000000  0.000000  0.301030
olu  0.000000  0.301030  0.000000
olv  0.778151  0.000000  0.000000
oma  0.698970  0.000000  0.000000
omb  0.301030  0.301030  0.301030
ome  0.602060  0.301030  0.602060
omi  0.477121  0.301030  0.698970
omo  0.778151  0.602060  0.602060
omp  0.477121  0.000000  0.301030
oms  0.000000  0.477121  0.000000
omx  0.000000  0.301030  0.000000
ona  0.602060  0.903090  0.602060
onc  0.477121  0.602060  0.301030
ond  0.698970  0.301030  0.477121
one  0.778151  0.602060  0.698970
onf  0.000000  0.301030  0.000000
ong  0.000000  0.301030  0.000000
oni  0.477121  0.698970  0.301030
onl  0.477121  0.477121  0.000000
onn  0.602060  0.000000  0.000000
ono  0.301030  0.301030  0.477121
onq  0.301030  0.477121  0.000000
onr  0.301030  0.301030  0.000000
ons  0.477121  0.000000  0.477121
ont  0.698970  0.845098  0.602060
onu  0.000000  0.000000  0.301030
oob  0.301030  0.000000  0.000000
ool  0.000000  0.301030  0.000000
oop  0.000000  0.000000  0.301030
oot  0.000000  0.301030  0.000000
opa  0.301030  0.477121  0.301030
ope  0.477121  0.000000  0.602060
opi  0.000000  0.301030  0.000000
opo  0.477121  0.477121  0.602060
opr  0.477121  0.000000  0.301030
opu  0.301030  0.000000  0.602060
oqu  0.954243  0.477121  0.602060
ora  0.845098  0.602060  0.301030
orc  0.477121  0.477121  0.000000
ord  0.845098  0.301030  0.477121
ore  0.602060  0.778151  0.301030
orf  0.301030  0.301030  0.301030
org  0.000000  0.000000  0.301030
orh  0.000000  0.301030  0.000000
ori  0.301030  0.477121  0.000000
orl  0.301030  0.000000  0.000000
orm  0.477121  0.301030  0.477121
orn  0.301030  0.000000  0.000000
oro  0.000000  0.000000  0.477121
orp  0.000000  0.477121  0.301030
orq  0.301030  0.301030  0.698970
orr  0.301030  0.477121  0.000000
ors  0.000000  0.301030  0.477121
ort  0.301030  0.778151  0.301030
oru  0.301030  0.301030  0.602060
osa  0.698970  0.845098  0.903090
osb  0.477121  0.000000  0.000000
osc  0.845098  0.602060  0.698970
osd  0.698970  0.698970  0.698970
ose  0.954243  0.778151  0.778151
osf  0.301030  0.301030  0.000000
osg  0.301030  0.000000  0.000000
osh  0.000000  0.301030  0.000000
osi  0.778151  0.698970  0.602060
osj  0.301030  0.000000  0.000000
osl  0.845098  0.477121  0.602060
osm  0.698970  0.000000  0.000000
osn  0.301030  0.301030  0.000000
oso  0.698970  0.845098  0.301030
osp  0.698970  0.778151  0.778151
osq  0.477121  0.301030  0.477121
osr  0.000000  0.301030  0.602060
oss  0.477121  0.778151  0.000000
ost  0.778151  0.602060  0.477121
osu  0.000000  0.477121  0.301030
osy  0.698970  0.301030  0.301030
ota  0.477121  0.301030  0.000000
ote  0.301030  0.000000  0.477121
oti  0.000000  0.477121  0.000000
otr  0.778151  0.477121  0.602060
oun  0.477121  0.477121  0.301030
ove  0.301030  0.000000  0.000000
ovi  0.477121  0.000000  0.000000
ovo  0.477121  0.301030  0.000000
own  0.000000  0.301030  0.000000
oya  0.000000  0.000000  0.301030
oyc  0.301030  0.000000  0.000000
oye  0.301030  0.000000  0.000000
oyl  0.301030  0.000000  0.000000
oyn  0.000000  0.301030  0.000000
oyp  0.000000  0.000000  0.301030
oys  0.477121  0.000000  0.000000
oze  0.301030  0.000000  0.000000
paa  0.000000  0.301030  0.000000
pab  0.301030  0.000000  0.000000
pac  0.000000  0.000000  0.698970
pad  0.602060  0.301030  0.301030
pae  0.301030  0.000000  0.000000
pal  0.602060  0.477121  0.477121
pan  0.301030  0.000000  0.000000
par  1.000000  1.000000  1.041393
pas  0.602060  0.000000  0.000000
pci  0.000000  0.301030  0.000000
pec  0.301030  0.000000  0.301030
ped  0.000000  0.301030  0.000000
pel  0.301030  0.000000  0.000000
pen  0.301030  0.477121  0.602060
peq  0.301030  0.301030  0.000000
per  0.778151  0.845098  0.903090
pes  0.000000  0.301030  0.000000
pia  0.301030  0.301030  0.301030
pic  0.301030  0.000000  0.000000
pid  0.301030  0.000000  0.000000
pie  0.000000  0.301030  0.000000
pin  0.000000  0.301030  0.000000
pis  0.602060  0.000000  0.000000
pla  0.000000  0.477121  0.477121
pli  0.000000  0.000000  0.778151
plo  0.000000  0.602060  0.301030
plu  0.301030  0.000000  0.000000
pnc  0.000000  0.000000  0.301030
poc  0.000000  0.301030  0.000000
pod  0.000000  0.301030  0.301030
poe  0.301030  0.000000  0.000000
pol  0.000000  0.000000  0.301030
pom  0.301030  0.000000  0.000000
pon  0.301030  0.000000  0.698970
pop  0.000000  0.000000  0.301030
por  0.778151  0.698970  1.146128
pos  0.000000  0.301030  0.698970
pot  0.301030  0.301030  0.000000
poy  0.000000  0.000000  0.301030
pre  0.778151  0.845098  0.903090
pri  0.845098  0.301030  0.477121
pro  0.698970  0.477121  0.954243
prv  0.301030  0.000000  0.000000
prx  0.301030  0.000000  0.000000
pta  0.000000  0.301030  0.000000
pti  0.301030  0.602060  0.000000
pto  0.000000  0.477121  0.000000
ptu  0.000000  0.301030  0.000000
pue  0.778151  0.301030  0.477121
pul  0.301030  0.000000  0.000000
pun  0.000000  0.000000  0.477121
pus  0.301030  0.000000  0.000000
que  1.505150  1.255273  1.301030
qui  0.778151  0.301030  0.845098
qut  0.301030  0.000000  0.000000
raa  0.602060  0.301030  0.477121
rab  0.602060  0.477121  0.000000
rac  0.301030  0.602060  0.000000
rad  0.477121  0.698970  0.602060
rae  0.000000  0.301030  0.301030
raf  0.000000  0.301030  0.000000
rai  0.301030  0.000000  0.301030
ral  0.845098  0.602060  0.954243
ram  0.698970  0.698970  0.000000
ran  0.954243  0.903090  0.477121
rap  0.477121  0.000000  0.477121
raq  0.000000  0.000000  0.477121
rar  0.602060  0.778151  0.301030
ras  1.041393  0.698970  0.602060
rat  0.301030  0.845098  0.845098
rav  0.000000  0.477121  0.301030
ray  0.301030  0.000000  0.301030
raz  0.000000  0.301030  0.000000
rba  0.301030  0.000000  0.000000
rbi  0.000000  0.000000  0.301030
rbo  0.301030  0.301030  0.602060
rbu  0.000000  0.000000  0.301030
rca  0.301030  0.477121  0.301030
rce  0.301030  0.000000  0.000000
rch  0.301030  0.301030  0.000000
rci  0.301030  0.301030  0.000000
rco  0.698970  0.000000  0.000000
rda  0.845098  0.301030  0.000000
rde  0.602060  0.000000  0.602060
rdi  0.301030  0.000000  0.000000
rdo  0.301030  0.000000  0.000000
rdu  0.000000  0.301030  0.301030
rea  0.477121  0.778151  0.602060
rec  0.954243  0.778151  0.778151
red  0.000000  0.301030  0.477121
ree  0.602060  0.602060  0.000000
ref  0.000000  0.000000  0.698970
reg  0.000000  0.602060  0.477121
rej  0.000000  0.301030  0.000000
rel  0.477121  0.301030  0.000000
rem  0.602060  0.477121  0.000000
ren  0.698970  0.698970  0.778151
rep  0.000000  0.301030  0.000000
req  0.000000  0.301030  0.301030
rer  0.477121  0.000000  0.000000
res  1.113943  0.903090  0.845098
ret  0.301030  0.602060  0.000000
rev  0.000000  0.000000  0.602060
rey  0.301030  0.000000  0.000000
rez  0.000000  0.000000  0.602060
rfa  0.000000  0.301030  0.000000
rfi  0.301030  0.301030  0.000000
rfu  0.000000  0.000000  0.301030
rga  0.301030  0.000000  0.477121
rgo  0.301030  0.301030  0.000000
rgu  0.000000  0.000000  0.954243
rhu  0.000000  0.301030  0.000000
ria  0.301030  0.602060  0.000000
rib  0.301030  0.602060  0.477121
ric  0.000000  0.000000  0.301030
rid  0.000000  0.301030  0.000000
rie  0.000000  0.000000  0.698970
ril  0.301030  0.000000  0.000000
rim  0.778151  0.000000  0.301030
rin  0.301030  0.000000  0.477121
rio  0.698970  0.698970  0.301030
rip  0.000000  0.778151  0.000000
riq  0.602060  0.000000  0.000000
rir  0.000000  0.301030  0.000000
ris  0.477121  0.301030  0.000000
rit  0.301030  0.301030  0.000000
riz  0.301030  0.000000  0.000000
rla  0.000000  0.602060  0.698970
rle  0.477121  0.301030  0.000000
rlo  0.477121  0.602060  0.000000
rma  0.301030  0.477121  0.301030
rme  0.477121  0.301030  0.477121
rmi  0.301030  0.000000  0.477121
rmo  0.000000  0.000000  0.301030
rms  0.000000  0.000000  0.477121
rna  0.000000  0.477121  0.000000
rno  0.301030  0.301030  0.301030
rnu  0.301030  0.000000  0.000000
roa  0.602060  0.000000  0.477121
rob  0.000000  0.000000  0.301030
roc  0.301030  0.301030  0.698970
rod  0.845098  0.000000  0.698970
roe  0.301030  0.000000  0.477121
rof  0.602060  0.000000  0.000000
roh  0.000000  0.301030  0.000000
rol  0.000000  0.000000  0.301030
rom  0.477121  0.000000  0.000000
ron  0.698970  0.602060  0.000000
rop  0.301030  0.301030  0.000000
ror  0.301030  0.000000  0.000000
ros  0.954243  0.602060  0.000000
rot  0.301030  0.000000  0.698970
rov  0.477121  0.301030  0.000000
row  0.000000  0.301030  0.000000
roy  0.301030  0.000000  0.000000
rpa  0.000000  0.000000  0.301030
rpo  0.000000  0.301030  0.477121
rpr  0.301030  0.301030  0.301030
rqu  0.477121  0.477121  0.698970
rra  0.301030  0.477121  0.301030
rre  0.000000  0.301030  0.000000
rri  0.000000  0.301030  0.000000
rro  0.000000  0.301030  0.000000
rru  0.301030  0.000000  0.000000
rse  0.000000  0.000000  0.477121
rsi  0.000000  0.602060  0.477121
rso  0.000000  0.602060  0.301030
rsu  0.000000  0.477121  0.698970
rta  0.698970  0.778151  0.301030
rtc  0.000000  0.000000  0.477121
rte  0.301030  0.301030  0.477121
rti  0.301030  0.602060  0.000000
rto  0.301030  0.477121  0.000000
rub  0.477121  0.000000  0.000000
ruc  0.000000  0.000000  0.301030
rug  0.301030  0.000000  0.000000
rum  0.301030  0.000000  0.000000
run  0.000000  0.301030  0.778151
rut  0.000000  0.000000  0.477121
rvu  0.301030  0.000000  0.000000
rxi  0.301030  0.000000  0.000000
ryc  0.000000  0.000000  0.301030
rye  0.301030  0.000000  0.000000
ryl  0.000000  0.301030  0.000000
rym  0.301030  0.000000  0.000000
rza  0.301030  0.301030  0.000000
rzo  0.000000  0.301030  0.000000
sab  0.477121  0.477121  0.301030
sac  0.477121  0.301030  0.301030
sad  0.477121  0.477121  0.477121
saf  0.000000  0.000000  0.301030
sai  0.000000  0.301030  0.000000
sal  0.954243  0.477121  0.602060
sam  0.000000  0.301030  0.000000
san  0.301030  0.301030  0.602060
sao  0.301030  0.301030  0.301030
sap  0.000000  0.301030  0.301030
saq  0.000000  0.301030  0.000000
sar  0.477121  0.301030  0.477121
sas  0.000000  0.000000  0.301030
say  0.000000  0.000000  0.301030
saz  0.000000  0.000000  0.477121
sba  0.301030  0.000000  0.000000
sbe  0.000000  0.000000  0.301030
sbi  0.000000  0.000000  0.301030
sbl  0.000000  0.000000  0.301030
sbo  0.301030  0.000000  0.000000
sca  0.903090  0.477121  0.698970
sce  0.000000  0.477121  0.301030
sch  0.301030  0.000000  0.000000
sci  0.000000  0.000000  0.698970
sco  0.698970  0.602060  0.602060
scp  0.301030  0.000000  0.000000
scr  0.477121  0.903090  0.301030
scu  0.845098  0.301030  0.477121
sda  0.000000  0.477121  0.000000
sde  1.079181  0.845098  1.041393
sdi  0.301030  0.301030  0.602060
sdo  0.477121  0.301030  0.000000
sdu  0.000000  0.301030  0.000000
sea  0.477121  0.477121  0.000000
seb  0.000000  0.301030  0.000000
sec  0.477121  0.000000  0.000000
sed  0.602060  0.000000  0.602060
see  0.301030  0.602060  0.301030
sef  0.301030  0.000000  0.000000
seg  0.477121  0.000000  0.000000
sel  0.000000  0.698970  0.602060
sem  0.477121  0.301030  0.000000
sen  0.954243  0.477121  0.477121
seo  0.301030  0.000000  0.301030
sep  0.477121  0.000000  0.301030
seq  0.301030  0.000000  0.000000
ser  0.602060  0.000000  0.698970
ses  1.000000  0.477121  0.778151
set  0.000000  0.477121  0.000000
sev  0.000000  0.000000  0.301030
sex  0.301030  0.301030  0.000000
sfa  0.301030  0.301030  0.000000
sfi  0.301030  0.000000  0.000000
sfu  0.000000  0.477121  0.000000
sga  0.000000  0.301030  0.301030
sgo  0.301030  0.000000  0.301030
sgu  0.301030  0.000000  0.000000
sha  0.000000  0.000000  0.477121
she  0.000000  0.301030  0.000000
shi  0.301030  0.000000  0.000000
sho  0.000000  0.301030  0.000000
sia  0.301030  0.301030  0.000000
sib  0.301030  0.301030  0.301030
sic  0.000000  0.000000  0.477121
sid  0.477121  0.301030  0.000000
sie  0.845098  0.477121  0.602060
sig  0.000000  0.301030  0.477121
sil  0.000000  0.000000  0.301030
sim  0.301030  0.602060  0.000000
sin  0.602060  0.778151  0.698970
sio  0.000000  0.301030  0.000000
sip  0.301030  0.000000  0.000000
siq  0.602060  0.000000  0.000000
sis  0.477121  0.000000  0.301030
sit  0.301030  0.477121  0.301030
sju  0.301030  0.000000  0.000000
sla  0.698970  0.477121  0.845098
sle  0.301030  0.477121  0.000000
sli  0.477121  0.000000  0.301030
sll  0.301030  0.000000  0.000000
slo  0.301030  0.000000  0.301030
slp  0.301030  0.000000  0.000000
sma  0.602060  0.602060  0.000000
sme  0.698970  0.000000  0.301030
smi  0.301030  0.477121  0.301030
smo  0.602060  0.301030  0.301030
sms  0.301030  0.000000  0.000000
smu  0.477121  0.301030  0.301030
sna  0.000000  0.000000  0.301030
sni  0.000000  0.301030  0.000000
sno  0.301030  0.698970  0.000000
sob  0.477121  0.000000  0.000000
soc  0.000000  0.301030  0.301030
sod  0.000000  0.000000  0.477121
soe  0.000000  0.301030  0.000000
sof  0.301030  0.000000  0.000000
soj  0.000000  0.301030  0.000000
sol  0.000000  0.602060  0.000000
som  0.000000  0.477121  0.000000
son  0.301030  0.903090  0.000000
sop  0.477121  0.000000  0.000000
soq  0.301030  0.000000  0.000000
sor  0.602060  0.602060  0.000000
sos  0.000000  0.602060  0.477121
sot  0.477121  0.000000  0.000000
sou  0.000000  0.301030  0.000000
soy  0.301030  0.000000  0.000000
spa  0.778151  0.602060  0.698970
spe  0.477121  0.602060  0.301030
spi  0.000000  0.301030  0.000000
spl  0.301030  0.477121  0.000000
spo  0.602060  0.477121  0.698970
spr  0.602060  0.301030  0.301030
spu  0.301030  0.301030  0.000000
squ  0.845098  0.477121  0.778151
sra  0.000000  0.301030  0.000000
sre  0.301030  0.000000  0.698970
sro  0.477121  0.301030  0.000000
srt  0.000000  0.301030  0.000000
ssa  0.000000  0.477121  0.000000
sse  0.698970  0.301030  0.301030
ssi  0.477121  0.301030  0.000000
sso  0.000000  0.778151  0.000000
ssu  0.000000  0.301030  0.000000
sta  1.000000  0.954243  0.903090
stb  0.301030  0.000000  0.000000
stc  0.000000  0.000000  0.301030
ste  0.477121  0.845098  0.778151
sti  0.301030  0.778151  0.477121
stl  0.000000  0.301030  0.000000
stn  0.000000  0.000000  0.301030
sto  0.602060  0.477121  0.477121
str  1.041393  0.000000  0.602060
sts  0.000000  0.000000  0.301030
stt  0.000000  0.301030  0.000000
stu  0.477121  0.000000  0.000000
sua  0.301030  0.000000  0.477121
sub  0.000000  0.301030  0.000000
suc  0.301030  0.000000  0.301030
sue  0.301030  0.301030  0.000000
sul  0.000000  0.000000  0.698970
sum  0.000000  0.301030  0.477121
sun  0.000000  0.301030  0.477121
sup  0.301030  0.301030  0.602060
sur  0.301030  0.301030  0.000000
sus  0.698970  0.778151  0.000000
suv  0.301030  0.000000  0.301030
suy  0.000000  0.301030  0.000000
sve  0.000000  0.000000  0.477121
svi  0.000000  0.477121  0.000000
sya  0.000000  0.301030  0.000000
syc  0.000000  0.301030  0.301030
sye  0.000000  0.477121  0.301030
syf  0.000000  0.301030  0.000000
syl  0.301030  0.000000  0.477121
sym  0.477121  0.000000  0.301030
syo  0.477121  0.000000  0.000000
syp  0.301030  0.000000  0.000000
syq  0.000000  0.301030  0.000000
syr  0.000000  0.301030  0.301030
syt  0.301030  0.000000  0.000000
syv  0.301030  0.000000  0.301030
taa  0.477121  0.000000  0.000000
tab  0.698970  0.301030  0.301030
tac  0.000000  0.477121  0.602060
tad  0.477121  0.477121  0.477121
tae  0.000000  0.000000  0.602060
tag  0.301030  0.000000  0.000000
taj  0.000000  0.000000  0.301030
tal  0.477121  0.845098  0.477121
tam  0.602060  0.301030  0.602060
tan  0.903090  0.000000  0.698970
tap  0.000000  0.000000  0.477121
taq  0.301030  0.000000  0.301030
tar  0.301030  0.954243  0.903090
tas  0.602060  0.602060  0.778151
tat  0.000000  0.000000  0.602060
tav  0.301030  0.000000  0.000000
tay  0.301030  0.000000  0.602060
tbu  0.301030  0.000000  0.000000
tco  0.000000  0.000000  0.301030
tcu  0.000000  0.000000  0.477121
tea  0.477121  0.000000  0.301030
tec  0.477121  0.698970  0.000000
ted  0.000000  0.301030  0.000000
tee  0.000000  0.477121  0.602060
teg  0.000000  0.000000  0.477121
tei  0.000000  0.301030  0.000000
tel  0.000000  0.301030  0.301030
tem  0.301030  0.301030  0.301030
ten  0.602060  0.602060  0.778151
teo  0.000000  0.301030  0.301030
tep  0.301030  0.301030  0.301030
teq  0.301030  0.000000  0.000000
ter  0.698970  0.954243  0.301030
tes  0.477121  0.301030  1.000000
tet  0.301030  0.000000  0.602060
teu  0.301030  0.000000  0.000000
tev  0.301030  0.000000  0.301030
tex  0.000000  0.845098  0.845098
tey  0.000000  0.602060  0.000000
tfi  0.000000  0.000000  0.301030
tia  0.301030  0.000000  0.000000
tib  0.000000  0.477121  0.000000
tic  0.301030  0.845098  0.845098
tie  0.301030  0.301030  0.477121
tig  0.698970  0.698970  0.000000
tij  0.000000  0.301030  0.000000
til  0.301030  0.000000  0.000000
tin  0.301030  0.301030  0.301030
tio  0.301030  0.000000  0.000000
tip  0.301030  0.000000  0.301030
tir  0.000000  0.477121  0.000000
tis  0.000000  0.301030  0.301030
tit  0.000000  0.301030  0.000000
tiv  0.000000  0.778151  0.778151
tll  0.000000  0.301030  0.000000
tnd  0.301030  0.000000  0.000000
tne  0.000000  0.000000  0.301030
tnq  0.301030  0.000000  0.000000
toa  0.000000  0.000000  0.845098
toc  0.602060  0.301030  0.301030
tod  0.698970  0.903090  0.698970
toe  0.477121  0.000000  0.000000
toh  0.000000  0.301030  0.000000
tol  0.301030  0.301030  0.301030
tom  0.000000  0.000000  0.301030
ton  0.000000  0.602060  0.301030
too  0.000000  0.301030  0.301030
top  0.477121  0.301030  0.000000
toq  0.301030  0.301030  0.301030
tor  0.301030  0.477121  0.301030
tos  0.903090  0.845098  0.903090
tra  0.903090  1.000000  0.845098
tre  0.698970  0.602060  0.301030
tri  0.477121  0.000000  0.477121
tro  1.176091  0.301030  0.698970
tru  0.000000  0.000000  0.301030
tsi  0.000000  0.000000  0.301030
tti  0.477121  0.301030  0.000000
tud  0.301030  0.301030  0.000000
tun  0.301030  0.000000  0.000000
tur  0.000000  0.301030  0.477121
tus  0.000000  0.477121  0.000000
tuv  0.301030  0.000000  0.000000
tva  0.301030  0.000000  0.000000
uaa  0.000000  0.000000  0.301030
uac  0.000000  0.000000  0.301030
uad  0.301030  0.301030  0.602060
uaj  0.000000  0.301030  0.000000
ual  0.778151  0.000000  0.000000
uan  0.301030  0.602060  0.301030
uar  0.301030  0.000000  0.000000
uat  0.301030  0.000000  0.000000
ubi  0.477121  0.000000  0.000000
ubj  0.000000  0.301030  0.000000
uca  0.477121  0.000000  0.301030
ucc  0.000000  0.000000  0.477121
uce  0.000000  0.000000  0.301030
uch  0.301030  0.000000  0.602060
uci  0.301030  0.000000  0.301030
uco  0.000000  0.000000  0.477121
uct  0.000000  0.000000  0.301030
uda  0.000000  0.000000  0.477121
udd  0.301030  0.301030  0.000000
udi  0.301030  0.000000  0.000000
uea  0.602060  0.477121  0.000000
ueb  0.301030  0.301030  0.301030
uec  0.477121  0.301030  0.000000
ued  0.602060  0.000000  0.602060
uee  0.602060  0.301030  0.778151
uef  0.000000  0.301030  0.000000
ueg  0.000000  0.301030  0.000000
ueh  0.301030  0.301030  0.301030
uei  0.301030  0.301030  0.000000
uel  1.000000  0.698970  0.477121
uem  0.477121  0.301030  0.301030
uen  0.778151  0.698970  0.698970
ueo  0.301030  0.301030  0.000000
uep  0.477121  0.477121  0.602060
ueq  0.000000  0.000000  0.301030
uer  0.778151  0.602060  0.477121
ues  0.954243  0.602060  0.301030
uet  0.477121  0.000000  0.602060
ueu  0.000000  0.301030  0.000000
uev  0.477121  0.301030  0.000000
uga  0.301030  0.301030  0.000000
uie  0.301030  0.000000  0.903090
uin  0.301030  0.000000  0.000000
uir  0.301030  0.000000  0.602060
uis  0.301030  0.000000  0.000000
uit  0.301030  0.301030  0.000000
uiz  0.000000  0.000000  0.301030
uje  0.301030  0.000000  0.000000
uji  0.000000  0.301030  0.000000
ula  0.477121  0.477121  0.000000
ulc  0.000000  0.000000  0.477121
ule  0.000000  0.301030  0.000000
uli  0.000000  0.000000  0.602060
ulo  0.602060  0.301030  0.477121
ult  0.000000  0.000000  0.301030
uma  0.301030  0.477121  0.000000
ume  0.000000  0.477121  0.954243
umi  0.000000  0.000000  0.301030
umo  0.301030  0.000000  0.301030
una  0.698970  0.778151  1.204120
unc  0.477121  0.477121  0.000000
und  0.602060  0.000000  0.000000
ung  0.301030  0.000000  0.000000
uni  0.301030  0.000000  0.000000
unl  0.000000  0.000000  0.477121
uno  0.698970  0.000000  0.301030
unp  0.000000  0.477121  0.000000
unr  0.301030  0.301030  0.000000
uns  0.301030  0.000000  0.000000
unt  0.698970  0.477121  0.602060
uom  0.477121  0.000000  0.000000
uos  0.301030  0.000000  0.000000
upa  0.000000  0.000000  0.477121
upe  0.301030  0.000000  0.000000
upl  0.000000  0.000000  0.301030
upr  0.000000  0.301030  0.000000
ura  0.301030  0.602060  0.602060
uro  0.000000  0.301030  0.000000
urs  0.000000  0.301030  0.301030
uru  0.301030  0.000000  0.000000
usa  0.000000  0.301030  0.301030
usc  0.000000  0.301030  0.301030
usd  0.301030  0.000000  0.000000
use  0.301030  0.301030  0.000000
usf  0.000000  0.301030  0.000000
ush  0.301030  0.301030  0.000000
usi  0.301030  0.477121  0.000000
uso  0.000000  0.000000  0.301030
usp  0.301030  0.000000  0.000000
ust  0.301030  0.000000  0.000000
uta  0.000000  0.000000  0.698970
utr  0.301030  0.000000  0.301030
uva  0.000000  0.000000  0.301030
uvo  0.477121  0.000000  0.000000
uxi  0.301030  0.000000  0.000000
uyb  0.000000  0.301030  0.000000
uyd  0.000000  0.000000  0.301030
uye  0.000000  0.000000  0.301030
uyo  0.000000  0.301030  0.000000
vac  0.477121  0.000000  0.000000
vad  0.000000  0.301030  0.000000
vae  0.000000  0.000000  0.301030
val  0.000000  0.000000  0.477121
vam  0.000000  0.301030  0.000000
van  0.000000  0.301030  0.000000
var  0.000000  0.301030  0.301030
vas  0.301030  0.000000  0.301030
vav  0.301030  0.000000  0.000000
vay  0.000000  0.301030  0.000000
vee  0.000000  0.000000  0.301030
veg  0.000000  0.000000  0.477121
vei  0.000000  0.000000  0.301030
vel  0.000000  0.000000  0.301030
vem  0.301030  0.000000  0.000000
ven  0.301030  0.000000  0.477121
ver  0.903090  0.477121  0.000000
ves  0.477121  0.000000  0.000000
vez  0.477121  0.477121  0.000000
via  0.477121  0.000000  0.301030
vid  0.000000  0.698970  0.000000
vie  0.301030  0.000000  0.000000
vil  0.000000  0.301030  0.000000
vis  0.000000  0.698970  0.301030
vit  0.000000  0.000000  0.602060
viv  0.000000  0.301030  0.000000
vla  0.301030  0.000000  0.000000
voc  0.000000  0.301030  0.301030
voe  0.000000  0.301030  0.301030
vol  0.778151  0.301030  0.000000
vom  0.000000  0.301030  0.000000
von  0.000000  0.301030  0.000000
voq  0.301030  0.000000  0.000000
vor  0.000000  0.301030  0.301030
vos  0.000000  0.301030  0.301030
vou  0.000000  0.301030  0.000000
voz  0.301030  0.000000  0.000000
vsd  0.000000  0.000000  0.301030
vul  0.301030  0.000000  0.000000
wns  0.000000  0.301030  0.000000
xas  0.000000  0.301030  0.000000
xcu  0.000000  0.301030  0.000000
xic  0.000000  0.477121  0.000000
xil  0.301030  0.000000  0.000000
xim  0.301030  0.000000  0.000000
xis  0.000000  0.301030  0.000000
xme  0.301030  0.000000  0.000000
xpe  0.000000  0.000000  0.301030
xpl  0.000000  0.000000  0.477121
xpo  0.000000  0.000000  0.698970
xto  0.000000  0.778151  0.845098
yac  0.301030  0.301030  0.000000
yae  0.000000  0.477121  0.000000
yag  0.000000  0.000000  0.301030
yal  0.301030  0.301030  0.000000
yan  0.000000  0.602060  0.000000
yaq  0.000000  0.301030  0.000000
yar  0.000000  0.301030  0.301030
yau  0.301030  0.000000  0.000000
yaz  0.000000  0.301030  0.000000
ybe  0.000000  0.301030  0.000000
yca  0.301030  0.301030  0.000000
yco  0.000000  0.000000  0.602060
ycu  0.301030  0.000000  0.000000
yde  0.000000  0.000000  0.477121
ydi  0.000000  0.000000  0.477121
ydu  0.000000  0.000000  0.301030
yel  0.000000  0.301030  0.477121
yen  0.301030  0.301030  0.602060
yer  0.477121  0.301030  0.000000
yes  0.000000  0.301030  0.000000
yfl  0.000000  0.301030  0.000000
yla  0.477121  0.301030  0.301030
ylo  0.000000  0.000000  0.301030
yma  0.301030  0.000000  0.000000
yme  0.301030  0.000000  0.000000
yms  0.301030  0.000000  0.000000
ymu  0.000000  0.000000  0.301030
yni  0.301030  0.000000  0.000000
yno  0.477121  0.000000  0.000000
ynu  0.000000  0.301030  0.000000
yob  0.301030  0.000000  0.000000
yod  0.301030  0.000000  0.000000
yoh  0.301030  0.000000  0.000000
yom  0.301030  0.000000  0.000000
yos  0.000000  0.301030  0.000000
yot  0.301030  0.000000  0.000000
yoy  0.301030  0.000000  0.000000
ypo  0.301030  0.000000  0.477121
yqu  0.301030  0.301030  0.000000
yra  0.000000  0.301030  0.000000
yre  0.000000  0.301030  0.301030
yse  0.301030  0.000000  0.000000
ysi  0.301030  0.000000  0.301030
yti  0.301030  0.000000  0.000000
ytr  0.000000  0.000000  0.301030
yve  0.301030  0.000000  0.301030
yvo  0.301030  0.000000  0.000000
zad  0.000000  0.301030  0.000000
zae  0.000000  0.301030  0.000000
zag  0.301030  0.000000  0.000000
zal  0.301030  0.000000  0.000000
zas  0.000000  0.301030  0.000000
zat  0.000000  0.301030  0.000000
zca  0.301030  0.000000  0.778151
zcu  0.000000  0.000000  0.301030
zde  0.000000  0.301030  0.000000
zdo  0.000000  0.301030  0.000000
zel  0.000000  0.000000  0.301030
zen  0.000000  0.301030  0.000000
zes  0.301030  0.000000  0.000000
zex  0.000000  0.000000  0.301030
zla  0.000000  0.000000  0.301030
znp  0.000000  0.301030  0.000000
zoc  0.000000  0.301030  0.000000
zos  0.301030  0.000000  0.000000
zpi  0.301030  0.000000  0.000000
zqu  0.000000  0.301030  0.000000
zse  0.301030  0.000000  0.000000
zuc  0.000000  0.000000  0.301030
zul  0.000000  0.301030  0.000000
zva  0.000000  0.301030  0.000000