                      Texto 1   Texto 2   Texto 3
a                    1.518514  1.146128  1.079181
aba                  0.301030  0.000000  0.000000
abajo                0.301030  0.000000  0.000000
abigotada            0.000000  0.301030  0.000000
aboga                0.000000  0.000000  0.301030
abuelas              0.301030  0.000000  0.000000
acababa              0.301030  0.000000  0.000000
acampadores          0.000000  0.301030  0.000000
achaparrada          0.000000  0.301030  0.000000
acordaba             0.477121  0.000000  0.000000
actitud              0.000000  0.301030  0.000000
adecuada             0.000000  0.000000  0.301030
adem                 0.000000  0.000000  0.301030
adentros             0.000000  0.301030  0.000000
adheridos            0.000000  0.301030  0.000000
adicional            0.000000  0.000000  0.301030
admirar              0.000000  0.301030  0.000000
ado                  0.301030  0.000000  0.000000
adquir               0.301030  0.000000  0.000000
afeite               0.000000  0.301030  0.000000
afirma               0.000000  0.000000  0.301030
agrega               0.000000  0.000000  0.477121
agua                 0.000000  0.000000  0.301030
ah                   0.000000  0.301030  0.000000
ahora                0.477121  0.000000  0.000000
ahorcaban            0.000000  0.301030  0.000000
aire                 0.000000  0.301030  0.000000
aires                0.000000  0.301030  0.000000
al                   0.845098  0.602060  0.301030
alacena              0.000000  0.000000  0.301030
albayalde            0.000000  0.301030  0.000000
alegr                0.301030  0.000000  0.000000
alg                  0.000000  0.301030  0.000000
alguna               0.000000  0.301030  0.000000
algunas              0.301030  0.000000  0.301030
algunos              0.602060  0.000000  0.000000
aliado               0.000000  0.000000  0.301030
alimentaci           0.000000  0.000000  0.301030
alimentarse          0.000000  0.000000  0.301030
all                  0.301030  0.000000  0.000000
alto                 0.301030  0.000000  0.000000
altos                0.301030  0.000000  0.000000
an                   0.778151  0.477121  0.000000
ana                  0.301030  0.000000  0.000000
anaya                0.000000  0.477121  0.000000
anterior             0.477121  0.000000  0.000000
antes                0.301030  0.000000  0.000000
antiguo              0.477121  0.000000  0.000000
antiguos             0.301030  0.000000  0.000000
aparece              0.000000  0.000000  0.301030
aparecen             0.000000  0.000000  0.301030
apenada              0.301030  0.000000  0.000000
api                  0.301030  0.000000  0.000000
apoyar               0.000000  0.000000  0.301030
aprend               0.000000  0.301030  0.000000
aprendido            0.000000  0.301030  0.000000
aqu                  0.301030  0.000000  0.000000
aquel                0.477121  0.000000  0.000000
aquellas             0.301030  0.000000  0.000000
arboles              0.000000  0.301030  0.000000
argumenta            0.000000  0.000000  0.301030
argumentaci          0.000000  0.000000  0.301030
argumentar           0.000000  0.000000  0.301030
argumentativo        0.000000  0.000000  0.477121
argumentativos       0.000000  0.000000  0.301030
argumentos           0.000000  0.000000  0.477121
arruga               0.301030  0.000000  0.000000
art                  0.000000  0.000000  0.477121
as                   0.602060  0.477121  0.000000
aseada               0.000000  0.477121  0.000000
asociar              0.000000  0.301030  0.000000
aula                 0.477121  0.000000  0.000000
aun                  0.301030  0.000000  0.000000
auxiliado            0.301030  0.000000  0.000000
az                   0.000000  0.000000  0.778151
azucaradas           0.000000  0.000000  0.301030
azules               0.000000  0.301030  0.000000
baja                 0.000000  0.301030  0.301030
bajo                 0.301030  0.000000  0.301030
banano               0.000000  0.000000  0.301030
bancos               0.301030  0.000000  0.000000
barba                0.301030  0.000000  0.000000
baretti              0.301030  0.000000  0.000000
bebidas              0.000000  0.000000  0.301030
bedel                0.301030  0.000000  0.000000
bella                0.000000  0.301030  0.000000
belleza              0.000000  0.301030  0.000000
bend                 0.000000  0.301030  0.000000
besarle              0.301030  0.000000  0.000000
bien                 0.000000  0.000000  0.477121
big                  0.000000  0.301030  0.000000
blancas              0.000000  0.000000  0.301030
blanqueaba           0.000000  0.301030  0.000000
bosques              0.301030  0.000000  0.000000
bracamonte           0.000000  0.477121  0.000000
breve                0.000000  0.000000  0.301030
brownsville          0.000000  0.301030  0.000000
buen                 0.000000  0.000000  0.301030
buena                0.000000  0.000000  0.301030
bueno                0.477121  0.000000  0.000000
buenos               0.000000  0.301030  0.000000
bulo                 0.301030  0.000000  0.000000
buscan               0.000000  0.000000  0.301030
c                    0.000000  0.000000  0.301030
ca                   0.000000  0.301030  0.000000
caballeros           0.301030  0.000000  0.000000
cabello              0.602060  0.000000  0.000000
cachorro             0.000000  0.301030  0.000000
cactus               0.000000  0.301030  0.000000
cada                 0.477121  0.000000  0.000000
caderas              0.000000  0.301030  0.000000
caliente             0.000000  0.301030  0.000000
caliza               0.000000  0.301030  0.000000
calles               0.301030  0.000000  0.000000
cambio               0.000000  0.000000  0.301030
caminaba             0.000000  0.301030  0.000000
campo                0.477121  0.000000  0.000000
canas                0.477121  0.000000  0.000000
capturado            0.000000  0.301030  0.000000
car                  0.000000  0.000000  0.698970
cara                 0.301030  0.000000  0.000000
carbohidratos        0.000000  0.000000  0.477121
carbonatadas         0.000000  0.000000  0.301030
cares                0.000000  0.000000  0.301030
cargados             0.301030  0.000000  0.000000
carteras             0.301030  0.000000  0.000000
cartillas            0.301030  0.000000  0.000000
casa                 0.301030  0.000000  0.000000
casi                 0.477121  0.000000  0.000000
caso                 0.000000  0.477121  0.000000
casos                0.000000  0.000000  0.301030
causa                0.000000  0.000000  0.301030
celestes             0.000000  0.301030  0.000000
cerca                0.301030  0.301030  0.000000
cereales             0.000000  0.000000  0.477121
chatarra             0.000000  0.000000  0.301030
chicos               0.301030  0.000000  0.000000
chiquit              0.301030  0.000000  0.000000
cidas                0.000000  0.000000  0.301030
cient                0.000000  0.000000  0.301030
cierto               0.301030  0.000000  0.000000
ciertos              0.000000  0.301030  0.000000
cil                  0.000000  0.301030  0.000000
cincuenta            0.301030  0.000000  0.000000
clase                0.477121  0.000000  0.000000
clases               0.301030  0.000000  0.000000
clave                0.000000  0.000000  0.301030
cobra                0.000000  0.301030  0.000000
coherentes           0.000000  0.000000  0.301030
colores              0.000000  0.301030  0.000000
combina              0.000000  0.000000  0.301030
comentario           0.000000  0.301030  0.000000
comer                0.000000  0.000000  0.301030
comida               0.000000  0.000000  0.602060
como                 0.778151  0.301030  0.602060
compa                0.301030  0.000000  0.000000
complicado           0.000000  0.000000  0.301030
con                  1.079181  0.778151  0.477121
concepto             0.000000  0.301030  0.000000
condisc              0.301030  0.000000  0.000000
conque               0.301030  0.000000  0.000000
consumir             0.000000  0.000000  0.301030
consumo              0.000000  0.000000  0.301030
contento             0.301030  0.000000  0.000000
continuaci           0.000000  0.000000  0.301030
contoneando          0.000000  0.301030  0.000000
contribuir           0.000000  0.000000  0.301030
controlada           0.000000  0.000000  0.301030
corr                 0.301030  0.000000  0.000000
corri                0.000000  0.301030  0.000000
cortarle             0.301030  0.000000  0.000000
creen                0.000000  0.301030  0.000000
criadas              0.301030  0.000000  0.000000
cu                   0.602060  0.000000  0.000000
cuadernos            0.301030  0.000000  0.000000
cual                 0.698970  0.000000  0.000000
cuando               0.301030  0.477121  0.301030
cuanto               0.000000  0.301030  0.000000
cuatro               0.301030  0.000000  0.000000
cuerpo               0.000000  0.000000  0.301030
culo                 0.000000  0.000000  0.301030
culos                0.000000  0.000000  0.301030
d                    0.477121  0.301030  0.000000
da                   0.301030  0.000000  0.301030
dado                 0.000000  0.301030  0.000000
davis                0.000000  0.301030  0.000000
de                   1.380211  1.397940  1.447158
deben                0.000000  0.000000  0.477121
dec                  0.301030  0.000000  0.000000
decir                0.301030  0.000000  0.301030
defend               0.301030  0.000000  0.000000
dej                  0.301030  0.000000  0.000000
deja                 0.000000  0.000000  0.301030
dejar                0.000000  0.000000  0.301030
del                  0.698970  0.698970  0.477121
delante              0.301030  0.000000  0.000000
delcatti             0.301030  0.000000  0.000000
dentro               0.301030  0.000000  0.000000
depende              0.000000  0.000000  0.301030
dependen             0.000000  0.000000  0.301030
derosi               0.301030  0.000000  0.000000
des                  0.000000  0.301030  0.000000
describir            0.000000  0.301030  0.000000
descripci            0.000000  0.301030  0.000000
descripta            0.000000  0.301030  0.000000
descriptivo          0.000000  0.602060  0.000000
desde                0.000000  0.000000  0.301030
desembocan           0.301030  0.000000  0.000000
desesperaba          0.301030  0.000000  0.000000
desierto             0.000000  0.301030  0.000000
desligar             0.000000  0.000000  0.301030
desmayarlos          0.000000  0.301030  0.000000
desprenderse         0.000000  0.000000  0.301030
despu                0.301030  0.000000  0.000000
determinar           0.000000  0.000000  0.301030
diab                 0.000000  0.000000  0.602060
diabetes             0.000000  0.000000  0.698970
diario               0.301030  0.000000  0.000000
dicho                0.000000  0.000000  0.301030
diciembre            0.000000  0.301030  0.000000
diciendo             0.301030  0.000000  0.000000
diecis               0.301030  0.000000  0.000000
dieta                0.000000  0.000000  0.778151
dietista             0.000000  0.000000  0.301030
diez                 0.301030  0.000000  0.000000
dif                  0.000000  0.301030  0.000000
dijo                 0.477121  0.301030  0.000000
dilatarlos           0.000000  0.301030  0.000000
director             0.301030  0.000000  0.000000
disciplina           0.000000  0.000000  0.301030
disciplinas          0.000000  0.000000  0.301030
discursos            0.000000  0.000000  0.301030
disimulo             0.000000  0.301030  0.000000
disminuye            0.000000  0.000000  0.301030
divide               0.000000  0.301030  0.000000
do                   0.000000  0.477121  0.000000
dom                  0.000000  0.477121  0.000000
don                  0.000000  0.301030  0.000000
donde                0.477121  0.000000  0.000000
dos                  0.301030  0.477121  0.000000
dulce                0.000000  0.000000  0.301030
dulces               0.000000  0.000000  0.301030
duramente            0.000000  0.301030  0.000000
durante              0.301030  0.000000  0.000000
e                    0.477121  0.000000  0.000000
ejemplo              0.000000  0.602060  0.000000
ejemplos             0.000000  0.000000  0.301030
el                   1.278754  1.146128  1.230449
elemental            0.301030  0.000000  0.000000
eleva                0.000000  0.000000  0.301030
ella                 0.301030  0.000000  0.000000
ellos                0.301030  0.301030  0.301030
embargo              0.301030  0.000000  0.000000
emisor               0.000000  0.301030  0.000000
empellones           0.301030  0.000000  0.000000
en                   1.079181  1.000000  1.113943
encabrit             0.301030  0.000000  0.000000
encontr              0.301030  0.000000  0.000000
encrespado           0.301030  0.000000  0.000000
encuentran           0.000000  0.477121  0.301030
encuentro            0.301030  0.000000  0.000000
energ                0.000000  0.000000  0.301030
enfermedad           0.000000  0.000000  0.301030
enmara               0.301030  0.000000  0.000000
enormemente          0.000000  0.000000  0.301030
enrique              0.602060  0.000000  0.000000
entonces             0.000000  0.000000  0.301030
entramos             0.301030  0.000000  0.000000
entrar               0.477121  0.000000  0.000000
entre                0.477121  0.602060  0.000000
entusiastas          0.000000  0.301030  0.000000
era                  0.477121  0.477121  0.000000
eran                 0.301030  0.000000  0.000000
ero                  0.301030  0.000000  0.000000
es                   0.602060  0.903090  0.954243
escaleras            0.301030  0.000000  0.000000
escapaban            0.301030  0.000000  0.000000
escribe              0.000000  0.000000  0.301030
escuchas             0.000000  0.000000  0.301030
escuela              0.602060  0.000000  0.000000
ese                  0.000000  0.301030  0.000000
eso                  0.000000  0.000000  0.301030
especialmente        0.000000  0.000000  0.301030
espesura             0.000000  0.301030  0.000000
espinosos            0.000000  0.301030  0.000000
est                  0.000000  0.477121  0.778151
esta                 0.477121  0.477121  0.477121
estaba               0.602060  0.000000  0.000000
estaban              0.301030  0.000000  0.000000
estaciones           0.000000  0.301030  0.000000
estampa              0.000000  0.301030  0.000000
este                 0.301030  0.477121  0.477121
esto                 0.000000  0.301030  0.477121
estructurados        0.000000  0.000000  0.301030
estudiaremos         0.301030  0.000000  0.000000
eterna               0.000000  0.301030  0.000000
evitar               0.000000  0.000000  0.602060
ex                   0.301030  0.000000  0.000000
excursionistas       0.000000  0.301030  0.000000
exist                0.000000  0.301030  0.000000
experta              0.000000  0.000000  0.301030
explica              0.000000  0.000000  0.301030
explicativa          0.000000  0.000000  0.301030
expone               0.000000  0.000000  0.301030
exponen              0.000000  0.000000  0.301030
exponerla            0.000000  0.000000  0.301030
exposici             0.000000  0.000000  0.301030
falanges             0.000000  0.301030  0.000000
fatigas              0.301030  0.000000  0.000000
favor                0.000000  0.000000  0.301030
favorito             0.000000  0.301030  0.000000
ficos                0.000000  0.000000  0.301030
fijamente            0.301030  0.000000  0.000000
fin                  0.301030  0.301030  0.000000
finalidad            0.000000  0.000000  0.301030
fing                 0.000000  0.301030  0.000000
florecen             0.000000  0.301030  0.000000
forma                0.000000  0.301030  0.000000
frente               0.301030  0.000000  0.000000
frescas              0.000000  0.301030  0.000000
frontera             0.000000  0.301030  0.000000
frutas               0.000000  0.000000  0.477121
fue                  0.000000  0.301030  0.000000
fuera                0.000000  0.000000  0.301030
fueron               0.301030  0.000000  0.000000
fuerza               0.301030  0.000000  0.000000
fuerzas              0.000000  0.301030  0.000000
funci                0.000000  0.301030  0.000000
galaz                0.000000  0.301030  0.000000
gana                 0.301030  0.000000  0.000000
gaseosas             0.000000  0.000000  0.301030
gastaba              0.000000  0.301030  0.000000
gent                 0.301030  0.000000  0.000000
gente                0.301030  0.000000  0.000000
glic                 0.000000  0.000000  0.301030
glucosa              0.000000  0.000000  0.477121
golpecito            0.301030  0.000000  0.000000
gordos               0.301030  0.000000  0.000000
gran                 0.301030  0.000000  0.000000
gris                 0.301030  0.000000  0.000000
guardias             0.301030  0.000000  0.000000
gustado              0.301030  0.000000  0.000000
ha                   0.301030  0.000000  0.000000
hab                  0.477121  0.477121  0.000000
habla                0.000000  0.301030  0.000000
hablaban             0.301030  0.000000  0.000000
harinas              0.000000  0.000000  0.301030
has                  0.000000  0.301030  0.000000
hasta                0.000000  0.000000  0.301030
hay                  0.000000  0.000000  0.301030
he                   0.301030  0.000000  0.000000
hermanito            0.301030  0.000000  0.000000
hermanos             0.000000  0.301030  0.000000
hicieron             0.301030  0.000000  0.000000
hijos                0.301030  0.000000  0.000000
hombres              0.000000  0.301030  0.000000
hombro               0.301030  0.000000  0.000000
hormigueaban         0.301030  0.000000  0.000000
hormona              0.000000  0.000000  0.301030
humano               0.000000  0.301030  0.000000
humanos              0.000000  0.301030  0.000000
humedad              0.000000  0.301030  0.000000
iba                  0.301030  0.000000  0.000000
iban                 0.301030  0.000000  0.000000
idea                 0.000000  0.000000  0.477121
ideal                0.000000  0.000000  0.301030
ignoramos            0.000000  0.301030  0.000000
ignoran              0.000000  0.477121  0.000000
imagen               0.000000  0.301030  0.000000
importancia          0.000000  0.000000  0.301030
imposible            0.000000  0.000000  0.301030
imposibles           0.000000  0.301030  0.000000
incluir              0.000000  0.000000  0.477121
ines                 0.301030  0.000000  0.000000
inmortales           0.000000  0.698970  0.000000
inscribirme          0.301030  0.000000  0.000000
instintos            0.000000  0.301030  0.000000
insulina             0.000000  0.000000  0.477121
insulinodependiente  0.000000  0.000000  0.301030
integrales           0.000000  0.000000  0.477121
introduc             0.301030  0.000000  0.000000
introducci           0.000000  0.000000  0.301030
is                   0.301030  0.301030  0.000000
jovial               0.301030  0.000000  0.000000
juntos               0.301030  0.000000  0.000000
l                    0.301030  0.000000  0.000000
la                   1.380211  1.176091  1.380211
lado                 0.000000  0.000000  0.477121
largo                0.000000  0.301030  0.000000
las                  1.041393  0.954243  0.845098
le                   0.301030  0.477121  0.000000
lecciones            0.301030  0.000000  0.000000
lector               0.000000  0.000000  0.301030
leer                 0.301030  0.000000  0.000000
lenguaje             0.000000  0.301030  0.000000
levantarlos          0.000000  0.301030  0.000000
liberado             0.000000  0.301030  0.000000
liberaron            0.000000  0.301030  0.000000
librer               0.301030  0.000000  0.000000
libros               0.301030  0.000000  0.000000
literaria            0.000000  0.301030  0.000000
literario            0.000000  0.477121  0.000000
llamar               0.000000  0.301030  0.000000
llegar               0.301030  0.000000  0.000000
llena                0.000000  0.301030  0.000000
llenaban             0.301030  0.000000  0.000000
llenas               0.301030  0.000000  0.000000
lleno                0.000000  0.301030  0.000000
llev                 0.301030  0.000000  0.000000
llorar               0.301030  0.000000  0.000000
lo                   0.602060  0.477121  0.602060
logra                0.000000  0.000000  0.301030
los                  0.954243  0.845098  1.000000
luego                0.000000  0.301030  0.000000
lugar                0.000000  0.301030  0.000000
m                    0.903090  0.602060  0.477121
ma                   0.301030  0.000000  0.000000
madre                0.477121  0.000000  0.000000
madres               0.477121  0.000000  0.000000
maestra              0.301030  0.000000  0.000000
maestras             0.301030  0.000000  0.000000
maestro              0.778151  0.000000  0.000000
mala                 0.301030  0.000000  0.301030
maldonado            0.000000  0.477121  0.000000
maliciosos           0.000000  0.301030  0.000000
mam                  0.301030  0.000000  0.000000
manera               0.000000  0.000000  0.602060
mano                 0.477121  0.000000  0.000000
manuel               0.000000  0.301030  0.000000
marchaban            0.301030  0.000000  0.000000
marzo                0.000000  0.301030  0.000000
materializa          0.000000  0.301030  0.000000
me                   1.113943  0.000000  0.000000
medicamentos         0.000000  0.301030  0.000000
medito               0.000000  0.301030  0.000000
mejor                0.000000  0.301030  0.477121
melancol             0.000000  0.301030  0.000000
mencionados          0.301030  0.000000  0.000000
menes                0.301030  0.000000  0.000000
menguado             0.000000  0.301030  0.000000
mensuales            0.301030  0.000000  0.000000
mente                0.000000  0.301030  0.000000
mercado              0.000000  0.000000  0.301030
meses                0.477121  0.000000  0.000000
mezquite             0.000000  0.301030  0.000000
mi                   0.845098  0.000000  0.000000
mico                 0.000000  0.000000  0.301030
mir                  0.301030  0.000000  0.000000
mira                 0.301030  0.000000  0.000000
misma                0.301030  0.000000  0.000000
mismo                0.301030  0.000000  0.000000
mo                   0.000000  0.000000  0.301030
mont                 0.000000  0.301030  0.000000
monta                0.301030  0.000000  0.000000
morir                0.000000  0.301030  0.000000
mucha                0.000000  0.000000  0.301030
muchachos            0.301030  0.000000  0.000000
muchos               0.000000  0.000000  0.301030
muerte               0.000000  0.301030  0.000000
muestran             0.000000  0.000000  0.301030
mujeres              0.301030  0.000000  0.000000
mujica               0.000000  0.301030  0.000000
municipales          0.301030  0.000000  0.000000
muy                  0.000000  0.301030  0.301030
n                    0.778151  1.000000  1.000000
nacional             0.000000  0.301030  0.000000
narrativo            0.000000  0.301030  0.000000
nas                  0.000000  0.000000  0.477121
natural              0.000000  0.000000  0.301030
ncreas               0.000000  0.000000  0.301030
ndice                0.000000  0.000000  0.301030
ndolo                0.000000  0.301030  0.000000
ndose                0.477121  0.000000  0.000000
necesidad            0.301030  0.000000  0.000000
necesita             0.000000  0.000000  0.301030
nez                  0.000000  0.301030  0.000000
ni                   0.477121  0.301030  0.000000
nimo                 0.301030  0.000000  0.000000
nivel                0.000000  0.000000  0.301030
no                   0.698970  0.954243  0.602060
noches               0.000000  0.301030  0.000000
nopales              0.000000  0.301030  0.000000
nos                  0.602060  0.000000  0.000000
nosotros             0.477121  0.000000  0.000000
nostalgia            0.301030  0.000000  0.000000
ntas                 0.301030  0.000000  0.000000
ntos                 0.477121  0.000000  0.000000
nuestro              0.301030  0.000000  0.000000
nueve                0.301030  0.000000  0.000000
nuevo                0.000000  0.301030  0.000000
nunca                0.301030  0.000000  0.000000
nutricionista        0.000000  0.000000  0.301030
o                    0.903090  0.477121  0.845098
objetos              0.301030  0.000000  0.000000
obreros              0.301030  0.000000  0.000000
oeste                0.000000  0.301030  0.000000
oficiales            0.301030  0.000000  0.000000
ojitos               0.000000  0.301030  0.000000
ones                 0.000000  0.301030  0.000000
oras                 0.301030  0.000000  0.000000
orden                0.301030  0.000000  0.000000
organismo            0.000000  0.000000  0.301030
os                   0.602060  0.477121  0.000000
oscuros              0.000000  0.301030  0.000000
otra                 0.000000  0.301030  0.000000
otras                0.000000  0.000000  0.301030
otro                 0.301030  0.000000  0.477121
otros                0.301030  0.000000  0.000000
p                    0.301030  0.000000  0.698970
paciente             0.000000  0.000000  0.301030
pacientes            0.000000  0.000000  0.602060
padecen              0.000000  0.000000  0.301030
padres               0.477121  0.000000  0.000000
palabras             0.301030  0.000000  0.301030
palm                 0.000000  0.301030  0.000000
para                 0.698970  0.778151  0.845098
parches              0.000000  0.301030  0.000000
parec                0.301030  0.000000  0.000000
parece               0.301030  0.000000  0.000000
pareci               0.477121  0.000000  0.000000
parque               0.000000  0.301030  0.000000
parte                0.000000  0.000000  0.477121
particular           0.000000  0.301030  0.000000
pasado               0.301030  0.000000  0.000000
pasados              0.301030  0.000000  0.000000
pasar                0.301030  0.000000  0.000000
pedos                0.000000  0.301030  0.000000
pens                 0.000000  0.301030  0.000000
pensamiento          0.000000  0.301030  0.000000
peque                0.301030  0.301030  0.000000
perboni              0.301030  0.000000  0.000000
period               0.000000  0.000000  0.301030
permite              0.000000  0.000000  0.301030
pero                 0.477121  0.301030  0.477121
persigue             0.000000  0.301030  0.000000
persona              0.000000  0.301030  0.000000
personaje            0.000000  0.301030  0.000000
personal             0.000000  0.301030  0.000000
persuadir            0.000000  0.000000  0.477121
pi                   0.000000  0.000000  0.301030
pices                0.301030  0.000000  0.000000
pidiendo             0.301030  0.000000  0.000000
piedra               0.000000  0.301030  0.000000
piso                 0.602060  0.000000  0.000000
planicies            0.000000  0.301030  0.000000
planta               0.000000  0.000000  0.301030
plantas              0.000000  0.301030  0.000000
plato                0.000000  0.000000  0.301030
plumas               0.301030  0.000000  0.000000
po                   0.000000  0.301030  0.000000
poca                 0.000000  0.301030  0.000000
pod                  0.000000  0.301030  0.000000
pol                  0.000000  0.000000  0.301030
ponen                0.000000  0.000000  0.301030
poner                0.301030  0.000000  0.000000
por                  0.778151  0.602060  0.954243
porque               0.000000  0.301030  0.698970
posici               0.000000  0.000000  0.301030
potrillos            0.301030  0.000000  0.000000
pr                   0.301030  0.000000  0.000000
preciso              0.301030  0.000000  0.000000
predominantemente    0.000000  0.301030  0.000000
preguntaron          0.000000  0.301030  0.000000
premio               0.301030  0.000000  0.000000
presentan            0.000000  0.000000  0.301030
pretende             0.000000  0.301030  0.000000
preventiva           0.000000  0.000000  0.301030
primer               0.602060  0.000000  0.000000
primera              0.301030  0.000000  0.000000
primero              0.301030  0.000000  0.301030
principal            0.301030  0.000000  0.301030
prisa                0.000000  0.301030  0.000000
problem              0.000000  0.000000  0.301030
procesada            0.000000  0.000000  0.301030
procesar             0.000000  0.000000  0.301030
procurar             0.000000  0.000000  0.301030
producci             0.000000  0.000000  0.301030
produciendo          0.301030  0.000000  0.000000
producir             0.000000  0.000000  0.301030
profesor             0.301030  0.000000  0.000000
profesora            0.477121  0.000000  0.000000
propia               0.000000  0.301030  0.000000
prote                0.000000  0.000000  0.477121
provoca              0.000000  0.301030  0.000000
pueblo               0.301030  0.000000  0.000000
pueblos              0.000000  0.301030  0.000000
puede                0.000000  0.000000  0.477121
puerta               0.477121  0.000000  0.000000
puertas              0.301030  0.000000  0.000000
puesto               0.301030  0.000000  0.000000
pulos                0.301030  0.000000  0.000000
punto                0.000000  0.000000  0.301030
puntos               0.000000  0.000000  0.301030
qu                   0.301030  0.000000  0.000000
que                  1.322219  1.113943  1.204120
qued                 0.301030  0.000000  0.000000
quer                 0.000000  0.301030  0.000000
quien                0.000000  0.000000  0.301030
quienes              0.000000  0.000000  0.477121
quiere               0.000000  0.000000  0.301030
quince               0.301030  0.000000  0.000000
quisiera             0.301030  0.000000  0.000000
quiz                 0.000000  0.000000  0.301030
r                    0.301030  0.000000  0.000000
ranchos              0.000000  0.301030  0.000000
ratoniles            0.000000  0.301030  0.000000
raz                  0.000000  0.301030  0.000000
re                   0.301030  0.000000  0.000000
rea                  0.000000  0.301030  0.000000
real                 0.000000  0.301030  0.000000
realidad             0.000000  0.301030  0.000000
realmente            0.000000  0.301030  0.000000
recato               0.000000  0.301030  0.000000
receptor             0.000000  0.301030  0.000000
rechoncha            0.000000  0.301030  0.000000
recomendado          0.000000  0.000000  0.301030
recomienda           0.000000  0.000000  0.301030
record               0.000000  0.301030  0.000000
recordando           0.301030  0.000000  0.000000
recta                0.301030  0.000000  0.000000
refinados            0.000000  0.000000  0.301030
refrescos            0.000000  0.000000  0.301030
refutan              0.000000  0.000000  0.301030
refutarla            0.000000  0.000000  0.301030
regi                 0.000000  0.477121  0.000000
requiere             0.000000  0.000000  0.301030
resisti              0.301030  0.000000  0.000000
resulta              0.000000  0.000000  0.301030
retrato              0.000000  0.477121  0.000000
rez                  0.000000  0.000000  0.602060
ribera               0.000000  0.477121  0.000000
riesgo               0.000000  0.000000  0.301030
rizoso               0.301030  0.000000  0.000000
rocas                0.000000  0.301030  0.000000
rodeado              0.301030  0.000000  0.000000
romp                 0.301030  0.000000  0.000000
ronca                0.301030  0.000000  0.000000
rtica                0.000000  0.301030  0.000000
rubio                0.477121  0.000000  0.000000
rumor                0.301030  0.000000  0.000000
rvulos               0.301030  0.000000  0.000000
s                    0.845098  0.301030  0.698970
sab                  0.301030  0.000000  0.000000
sabia                0.000000  0.301030  0.000000
sabio                0.000000  0.301030  0.000000
sabor                0.000000  0.000000  0.301030
sacaba               0.301030  0.000000  0.000000
salida               0.301030  0.000000  0.000000
salir                0.477121  0.000000  0.000000
salud                0.301030  0.000000  0.000000
saludable            0.000000  0.000000  0.477121
sana                 0.000000  0.000000  0.301030
sandra               0.000000  0.000000  0.301030
sangre               0.000000  0.000000  0.301030
sanos                0.000000  0.301030  0.000000
se                   1.041393  0.778151  0.778151
secci                0.477121  0.000000  0.000000
segunda              0.477121  0.000000  0.000000
selva                0.000000  0.301030  0.000000
sent                 0.602060  0.000000  0.000000
sentados             0.301030  0.000000  0.000000
separamos            0.301030  0.000000  0.000000
ser                  0.000000  0.000000  0.301030
serie                0.000000  0.000000  0.477121
si                   0.301030  0.000000  0.602060
sido                 0.301030  0.301030  0.000000
siempre              0.602060  0.000000  0.301030
sienes               0.000000  0.301030  0.000000
siete                0.477121  0.000000  0.000000
siguiendo            0.000000  0.000000  0.301030
siguiente            0.000000  0.000000  0.301030
simp                 0.301030  0.000000  0.000000
simular              0.000000  0.301030  0.000000
sin                  0.477121  0.301030  0.000000
siquiera             0.301030  0.000000  0.000000
sitio                0.301030  0.000000  0.000000
sobra                0.301030  0.000000  0.000000
solim                0.000000  0.301030  0.000000
solo                 0.000000  0.477121  0.000000
somos                0.000000  0.477121  0.000000
son                  0.000000  0.698970  0.000000
sonre                0.301030  0.000000  0.000000
sorprender           0.000000  0.301030  0.000000
sortijas             0.000000  0.301030  0.000000
spera                0.000000  0.301030  0.000000
stevia               0.000000  0.000000  0.301030
stica                0.000000  0.301030  0.000000
stico                0.000000  0.000000  0.301030
sticos               0.000000  0.301030  0.000000
su                   0.778151  0.602060  0.602060
subjetiva            0.000000  0.301030  0.000000
sucede               0.000000  0.000000  0.301030
sue                  0.301030  0.000000  0.000000
superior             0.301030  0.000000  0.000000
sus                  0.477121  0.778151  0.000000
suyo                 0.000000  0.301030  0.000000
t                    0.301030  0.000000  0.000000
tal                  0.000000  0.301030  0.000000
talle                0.000000  0.301030  0.000000
tambi                0.301030  0.000000  0.301030
tan                  0.602060  0.000000  0.000000
tanta                0.301030  0.000000  0.000000
tanto                0.477121  0.000000  0.301030
te                   0.301030  0.000000  0.000000
teatro               0.301030  0.000000  0.000000
tema                 0.000000  0.000000  0.301030
ten                  0.301030  0.301030  0.000000
tener                0.000000  0.000000  0.301030
tengan               0.000000  0.000000  0.301030
tengo                0.301030  0.000000  0.000000
teni                 0.000000  0.301030  0.000000
tercena              0.301030  0.000000  0.000000
terreno              0.000000  0.301030  0.000000
tesis                0.000000  0.000000  0.301030
texas                0.000000  0.301030  0.000000
texto                0.000000  0.778151  0.778151
textos               0.000000  0.000000  0.301030
tibia                0.000000  0.301030  0.000000
tibios               0.000000  0.301030  0.000000
tica                 0.000000  0.477121  0.000000
tico                 0.301030  0.000000  0.301030
ticos                0.000000  0.000000  0.698970
tiempos              0.000000  0.000000  0.301030
tiene                0.301030  0.301030  0.301030
tigre                0.000000  0.602060  0.000000
tigres               0.000000  0.301030  0.000000
tipo                 0.000000  0.000000  0.301030
toc                  0.301030  0.000000  0.000000
toca                 0.301030  0.000000  0.000000
todas                0.301030  0.000000  0.301030
todo                 0.301030  0.301030  0.301030
todos                0.477121  0.000000  0.301030
tome                 0.000000  0.000000  0.301030
torcidos             0.000000  0.301030  0.000000
trabajos             0.301030  0.000000  0.000000
transmitir           0.000000  0.301030  0.000000
transmitirles        0.000000  0.301030  0.000000
trascendente         0.000000  0.301030  0.000000
trata                0.000000  0.301030  0.000000
tratamiento          0.000000  0.000000  0.477121
trav                 0.000000  0.000000  0.301030
tres                 0.477121  0.000000  0.000000
triste               0.301030  0.000000  0.000000
tuvo                 0.301030  0.000000  0.000000
un                   0.698970  0.778151  0.778151
una                  0.477121  0.698970  1.113943
uno                  0.301030  0.000000  0.301030
uso                  0.000000  0.000000  0.301030
uvas                 0.000000  0.000000  0.301030
vacaciones           0.301030  0.000000  0.000000
vamos                0.000000  0.301030  0.000000
variedad             0.000000  0.000000  0.301030
varios               0.000000  0.301030  0.000000
vas                  0.301030  0.000000  0.000000
vegetales            0.000000  0.000000  0.477121
ven                  0.301030  0.000000  0.000000
ventajas             0.000000  0.000000  0.301030
ver                  0.602060  0.000000  0.000000
verano               0.301030  0.000000  0.000000
verdadera            0.301030  0.301030  0.000000
verla                0.000000  0.301030  0.000000
verlo                0.301030  0.000000  0.000000
vest                 0.301030  0.000000  0.000000
vez                  0.477121  0.477121  0.000000
vi                   0.301030  0.000000  0.000000
vida                 0.000000  0.602060  0.000000
visi                 0.000000  0.301030  0.000000
visitarla            0.000000  0.301030  0.000000
visite               0.000000  0.301030  0.000000
vista                0.000000  0.000000  0.301030
vivos                0.000000  0.301030  0.000000
volv                 0.602060  0.000000  0.000000
volver               0.301030  0.000000  0.000000
volvieran            0.301030  0.000000  0.000000
voz                  0.301030  0.000000  0.000000
xico                 0.000000  0.477121  0.000000
ximas                0.301030  0.000000  0.000000
y                    1.380211  1.176091  1.322219
ya                   0.477121  0.602060  0.000000
yo                   0.698970  0.000000  0.000000
zagu                 0.301030  0.000000  0.000000